-8.06
-9.31
6.81
8.53
3.88
-8.54
5.84
-0.92
-8.07
1.48
-7.72
9.53
3.03
-2.29
5.53
0.07
-2.79
-3.75
7.03
-1.56
-4.77
0.23
-1.73
5.10
0.68
-7.70
2.45
-9.51
-2.95
-1.07
-6.77
-1.01
-0.38
-9.95
-2.47
-6.51
-8.49
-6.63
2.58
-6.56
4.84
4.85
-7.03
-2.12
-7.43
8.49
7.95
-0.23
-5.26
4.97
8.21
-0.03
-4.80
-3.51
-4.93
5.88
-1.22
7.53
6.37
5.83
-3.55
9.60
-5.18
6.07
9.65
2.35
9.56
-8.84
5.72
2.14
-5.40
0.56
-3.00
-2.44
8.44
-0.44
-3.95
6.38
9.33
0.79
1.36
7.55
-9.24
6.56
-5.97
-4.16
2.44
2.82
-6.64
-1.19
-1.35
-0.19
-1.59
3.47
-4.11
-1.94
-4.18
-4.55
-0.78
-8.46
7.59
3.82
2.10
-5.41
-8.62
0.53
4.15
-2.57
-3.08
3.48
8.23
8.28
1.03
8.99
4.84
5.06
-5.17
-2.72
-2.12
-1.81
6.09
6.53
8.01
-5.49
-0.00
-6.11
2.57
5.82
-0.66
-8.21
7.36
-3.07
5.61
-0.55
1.52
6.99
9.99
-4.33
-5.57
-3.09
9.15
-7.35
-4.81
0.18
-8.36
-9.98
-4.76
-3.53
-2.69
3.12
4.66
-6.60
-0.35
2.67
-2.10
9.64
6.57
-9.53
5.46
-4.09
-7.73
2.82
2.84
7.88
-7.73
-5.64
4.87
-7.74
0.03
9.29
-0.83
-0.82
-8.05
4.35
9.36
-6.41
4.38
-5.40
0.06
-8.32
7.72
-5.28
-4.92
-2.63
7.40
2.98
-2.99
3.96
3.46
-7.53
9.87
5.73
5.29
2.71
3.60
7.56
7.07
-1.53
9.82
-2.89
-2.23
-1.01
6.29
-0.29
-6.66
5.65
3.30
7.72
-9.75
-6.64
9.40
7.98
-1.92
-5.52
-4.65
-4.52
7.46
2.36
9.44
0.92
4.83
9.31
-3.35
0.13
2.02
-9.75
-2.31
-0.91
-1.27
-2.49
6.20
6.49
6.50
2.49
-3.79
9.84
-1.86
9.51
7.56
-1.61
-7.14
6.96
-3.63
0.95
-8.56
1.72
6.43
8.90
-5.92
5.87
-0.17
8.91
5.18
6.48
-0.97
-2.80
6.73
6.72
6.30
-4.54
-5.77
2.49
-8.05
-9.27
-5.02
-1.84
-9.43
3.12
-2.34
8.13
-8.49
0.53
5.09
-2.12
-8.53
6.53
9.60
7.90
5.43
-6.32
3.77
-4.74
-7.41
-1.05
-8.26
1.62
6.15
8.47
-1.66
2.45
-6.08
2.58
-5.06
-4.13
3.31
-0.08
4.03
3.88
-6.96
-8.31
2.01
-5.44
2.22
-2.90
2.44
3.69
-6.37
2.04
1.59
9.07
5.72
-4.64
-5.67
8.30
4.31
-3.93
-0.08
0.46
-5.47
8.27
-7.09
-1.54
0.84
-2.15
4.33
-5.85
7.77
-1.64
8.03
-9.18
0.05
0.05
-4.63
-7.73
7.15
7.81
5.95
-9.21
-0.14
-2.46
9.85
-4.43
2.90
-5.82
-6.13
-2.79
0.25
3.80
7.67
4.78
2.06
-9.42
-6.76
-7.09
-1.57
7.57
-2.94
-3.80
-4.07
-4.91
-2.99
5.98
5.14
2.38
8.25
2.29
0.20
4.20
3.08
-9.94
-8.25
2.94
-4.37
4.65
7.12
-0.50
-8.14
-2.63
-6.70
9.54
-7.85
5.36
-9.88
-4.61
8.27
-1.46
-7.04
-4.67
4.74
-1.11
0.42
-8.25
-5.13
-4.44
4.13
-6.88
7.86
-5.67
7.33
0.94
-5.62
9.08
-6.13
0.01
3.73
-9.01
9.52
5.60
-1.64
-7.18
5.13
0.51
8.18
5.25
5.90
6.45
-6.21
8.85
-8.22
8.52
-2.25
2.20
-9.73
2.62
7.76
4.40
5.74
5.61
8.73
3.07
-3.45
-6.88
2.15
0.42
3.13
-4.12
1.41
2.65
-8.52
9.77
5.46
6.61
0.28
3.64
1.86
-3.82
0.09
5.64
-4.97
1.86
4.17
2.78
-5.94
4.44
-4.60
-8.18
-1.16
-8.86
7.43
-2.43
4.21
-6.02
0.69
-3.64
4.41
-6.18
2.24
-4.18
6.47
3.72
-4.41
1.93
0.32
5.87
-4.43
-7.82
-7.95
5.66
7.82
-2.92
-2.48
1.99
9.86
1.58
-3.57
-4.75
3.40
5.27
-3.61
0.83
-7.15
-9.40
4.82
3.54
-3.04
-0.77
7.36
9.20
5.05
3.82
2.92
-9.36
-4.25
-6.76
6.52
1.32
-4.58
8.57
-3.03
-6.75
-4.35
4.50
5.24
-4.49
-3.92
-8.33
0.76
9.48
6.95
7.15
0.31
9.80
7.76
-4.87
3.34
-5.28
4.36
0.69
-6.08
-0.60
-5.48
6.84
0.04
0.27
-9.92
-3.44
-8.41
-4.50
-4.87
-1.44
-1.25
0.78
-6.94
-6.01
6.28
-0.86
-4.34
-2.95
-1.38
-7.39
-5.80
8.93
-7.59
-8.05
-5.94
5.74
-3.33
8.42
-3.56
0.59
-2.18
0.96
-2.57
7.87
-8.77
-2.49
-5.57
-7.18
3.01
-0.45
1.38
-8.24
-9.67
4.44
-4.25
6.62
-6.43
1.41
-6.34
2.19
4.02
-2.14
1.12
6.43
-0.19
5.18
2.17
6.49
3.60
8.61
-2.92
-8.58
-0.43
4.50
9.29
0.80
-7.99
-6.28
3.61
5.02
3.27
-5.01
6.78
3.60
9.42
-7.47
0.22
-7.00
3.95
3.88
5.18
-2.03
-8.26
-3.70
-5.60
1.55
-8.52
6.57
-1.96
5.08
5.19
5.12
6.50
-5.24
-0.38
5.79
5.55
1.63
9.51
-0.83
-3.34
2.78
4.16
-6.56
-3.61
3.58
-4.02
6.60
6.58
9.92
0.48
1.76
-2.11
2.23
8.06
2.29
-6.22
9.54
-1.13
1.82
4.62
-5.94
-3.06
1.12
-1.19
6.56
-3.09
-5.63
-1.81
-3.58
3.53
4.85
9.20
-2.31
8.29
-4.42
-8.73
-5.73
-7.81
7.85
-5.81
2.67
-0.40
2.09
-5.10
-2.34
-5.62
-1.32
-2.80
3.25
-9.50
-8.18
7.31
-2.57
2.93
-3.88
-6.01
9.84
0.49
2.18
-3.74
-5.98
-2.97
-4.55
1.71
-4.68
1.04
2.98
-0.41
3.22
0.82
3.79
-4.11
-9.57
-4.13
0.79
-1.91
0.26
9.47
5.30
-6.49
9.96
7.11
-9.19
-2.60
0.05
-3.07
1.38
-0.11
7.42
-6.43
6.14
-8.56
0.60
-8.40
3.15
5.92
2.63
-3.87
-4.49
-4.14
6.96
9.30
1.75
7.39
-4.82
-7.46
-4.52
5.43
-7.99
-9.22
8.94
-8.03
7.89
9.75
-0.64
-2.06
-3.32
-9.25
7.83
-5.90
-5.69
3.97
-4.46
4.91
5.57
8.70
0.83
-1.80
-5.17
6.35
4.06
-8.21
5.65
-4.19
9.17
-9.17
-1.65
-5.35
6.26
0.35
-4.57
5.19
2.32
-6.68
4.94
-8.32
1.26
-8.38
-7.57
-0.91
-4.28
-3.26
-6.94
1.27
-8.34
8.63
-0.03
2.49
-3.17
4.80
-1.16
-9.11
6.58
-5.51
-3.30
5.75
-4.69
5.05
-9.59
-8.43
-4.60
-4.16
6.76
7.72
-0.84
1.70
9.40
-9.58
3.32
-8.17
-0.49
9.05
-1.42
2.57
0.32
0.23
1.20
-9.71
-7.28
8.04
5.08
1.56
8.93
1.66
6.05
-4.37
-2.58
-8.64
-9.32
-2.17
-7.07
-3.92
3.66
9.69
-6.20
-7.18
1.39
-6.80
-6.76
-5.28
-4.97
2.75
-6.23
3.60
-4.68
4.08
-6.16
6.52
4.37
-3.44
4.55
-0.55
8.12
3.48
-8.88
4.16
9.11
-1.46
5.52
9.79
6.36
8.45
-4.13
0.03
8.14
-0.34
2.85
-0.47
2.86
6.09
4.24
7.89
-1.16
8.01
1.49
4.16
2.09
5.33
0.68
-3.54
-8.12
-4.77
5.92
-10.00
8.72
7.03
4.16
7.83
-4.43
-0.32
7.62
-8.07
-1.87
-6.51
1.96
-3.73
3.15
-5.20
5.79
-3.99
-9.11
0.04
-6.10
-0.27
-1.96
5.39
-6.11
-9.87
0.72
4.57
-3.40
2.60
9.80
-7.49
2.60
8.52
9.55
-3.23
6.35
-4.89
6.45
3.97
-2.96
-5.42
7.46
9.00
0.84
0.62
-6.20
-3.36
6.63
-5.30
6.67
-9.47
4.43
-5.28
5.92
8.32
-5.15
-3.36
2.89
1.45
9.25
2.69
3.96
1.85
1.21
3.51
8.62
-2.44
8.62
5.07
-8.47
-4.33
9.65
9.00
-5.33
0.49
-0.39
-1.53
7.13
-3.76
3.16
3.80
-3.23
-2.41
8.52
-7.30
-4.09
-6.63
-0.66
8.80
4.82
-1.41
1.49
-1.22
-9.56
-7.30
-7.71
9.05
0.26
-9.09
4.12
1.80
-3.42
3.77
0.79
1.24
-5.74
-9.59
9.71
-8.61
-3.35
2.88
5.19
3.42
-9.53
3.71
6.12
-3.62
7.08
-4.54
-4.82
1.90
4.04
6.67
-9.33
4.48
9.37
-7.04
3.54
-0.37
-6.13
-2.34
-8.58
0.45
-8.57
2.22
-8.31
-4.31
2.62
-8.60
-2.93
9.27
4.28
-7.73
2.69
4.74
5.97
-1.19
-8.88
3.05
4.27
-3.70
-5.05
-1.68
-7.04
-4.38
-7.20
-7.67
-1.42
6.34
1.96
2.45
-6.01
3.39
-7.10
-4.58
-4.40
-5.41
1.11
8.22
-4.02
8.18
7.50
-9.74
-9.55
0.19
5.00
6.42
9.00
6.12
-0.53
3.28
-7.58
4.42
-8.41
-4.61
-9.96
-5.61
-2.28
-1.37
-9.27
9.68
-8.92
-5.28
3.06
-6.02
0.15
8.66
-1.44
-8.75
6.89
4.55
9.44
4.38
4.81
9.88
-5.43
-0.19
6.31
-6.42
-4.07
-4.22
6.85
-1.64
-9.80
8.45
3.74
-9.75
-7.16
-8.54
-1.12
-6.43
-8.86
-0.04
-1.71
4.20
3.94
8.44
2.86
-7.50
9.69
-0.25
7.05
9.13
-5.86
1.86
9.01
-1.29
-8.33
5.32
2.29
-2.40
-8.90
-0.86
5.96
-8.70
-2.41
-0.30
-8.45
0.42
1.16
0.43
3.99
2.30
-9.62
-7.72
-3.51
4.32
-9.28
9.36
6.82
-9.59
-0.89
3.87
9.54
3.24
-4.27
8.55
-8.05
-2.60
3.86
4.24
5.00
4.96
-6.62
0.96
6.26
0.96
-9.34
7.81
-8.61
1.82
-1.76
5.38
-5.88
-1.38
7.67
0.61
-7.06
8.39
-0.03
9.76
8.80
9.08
3.63
8.34
2.32
9.36
6.88
4.28
-3.24
0.75
-1.48
-8.24
-4.29
1.90
2.73
-8.03
-7.14
3.39
9.78
-5.75
-4.79
-1.98
9.63
-0.67
6.64
7.30
9.95
9.59
5.69
-0.08
9.35
4.49
-1.01
2.98
2.83
-8.68
2.35
-0.29
5.59
9.11
-9.54
-5.89
-9.13
-3.83
6.01
3.60
-1.86
8.87
-3.01
-2.08
-6.88
2.20
5.95
-7.25
-8.47
2.59
-9.95
-8.52
2.18
5.74
1.39
1.53
0.23
-9.62
-5.49
-6.94
-8.30
6.86
2.78
7.30
5.97
3.24
-8.59
6.84
9.41
7.42
0.43
-2.45
6.29
7.42
5.47
9.41
-0.38
1.42
-7.84
1.15
-5.99
-7.79
2.62
6.18
7.96
-5.99
-2.29
-1.81
-5.60
2.22
1.26
-3.90
-0.92
-5.97
-6.60
-4.95
7.27
-5.19
-8.11
6.68
-7.77
2.32
-5.77
8.51
-0.26
9.70
7.92
9.36
1.12
-9.92
0.51
5.13
-7.71
-6.87
1.31
-9.75
-2.86
9.03
-1.55
1.54
1.25
9.70
7.64
-9.67
-6.27
-8.96
-4.62
-9.00
-4.15
-2.73
7.68
-1.93
9.59
-8.09
-3.41
-0.67
-8.39
-5.49
-1.31
2.73
-5.41
9.19
-2.14
-3.12
-7.68
9.17
-2.87
-0.53
8.20
5.58
-8.99
-0.55
5.28
8.65
-0.22
9.01
9.70
5.15
-9.98
-4.46
-7.58
7.70
3.62
-7.99
9.61
-9.80
1.33
-8.79
-5.29
-9.98
3.94
-0.70
9.21
-8.20
6.18
-8.46
-9.02
-6.69
1.00
9.18
8.89
2.01
-1.38
4.18
0.67
8.40
3.19
0.36
3.55
3.21
5.91
5.97
0.90
-0.48
7.98
0.51
-0.27
-0.68
1.72
4.44
-0.66
-4.33
-6.26
-1.45
-2.53
9.92
0.09
-1.55
-6.77
-8.91
-2.37
-7.88
3.10
6.25
6.30
-6.23
4.65
-0.51
4.13
-1.80
-7.31
0.03
-5.82
3.60
9.56
-7.84
-5.89
-0.72
1.48
5.83
-6.28
-9.18
-8.50
-2.54
-0.63
-1.03
-2.63
9.45
7.42
0.60
-9.46
-4.95
2.73
3.64
-8.70
-0.97
7.41
5.95
8.52
1.54
-5.85
-8.79
-8.43
-1.67
4.81
-8.87
0.49
8.92
0.41
-8.03
4.74
4.13
-7.21
6.24
-8.41
2.15
-4.79
-1.04
1.60
-7.37
9.57
2.15
-2.32
2.30
-4.21
-1.02
-8.68
-6.80
-5.07
9.84
4.74
-0.92
-8.95
6.31
7.41
5.86
7.44
-2.10
4.78
-2.15
-0.13
-0.48
-8.02
2.66
-4.24
-6.43
-5.19
0.97
2.54
6.41
3.61
2.11
-1.44
-8.72
-5.60
4.35
0.26
-4.27
7.54
5.19
-4.43
2.28
-5.74
-3.38
-1.41
-8.33
-7.52
-3.98
-0.43
7.25
3.87
9.44
-3.23
5.86
2.10
2.54
9.43
6.91
-6.49
1.97
3.32
7.12
-5.92
-8.12
8.40
-1.52
6.23
-1.34
4.21
3.77
-6.15
9.77
-3.95
-1.89
-3.61
4.64
-0.21
-1.13
-9.34
9.36
-3.87
4.54
8.80
2.90
0.39
0.91
-4.56
-0.18
-2.18
-1.05
-8.21
-8.86
-3.94
-4.13
-6.98
-5.54
4.35
9.25
3.13
-1.44
3.02
6.98
-1.67
9.08
-4.91
4.73
3.71
4.88
-6.40
4.38
4.24
-0.27
-1.08
3.04
-7.37
9.31
-6.05
-1.93
-0.86
1.77
7.02
0.93
2.91
-6.92
6.80
5.93
-2.45
1.15
5.19
-9.32
9.71
-1.79
7.65
-1.96
-2.72
-7.26
-7.23
-9.00
7.62
-3.63
5.38
1.86
6.09
-5.71
-5.10
8.72
-6.39
-1.15
-3.21
2.74
-9.38
-6.19
-6.33
3.53
-3.10
-9.53
-0.54
4.45
1.62
-5.35
5.12
1.33
2.86
2.78
9.37
-9.86
5.52
-7.86
-8.86
3.14
-1.50
6.52
-5.00
-5.40
-9.19
-0.10
-6.68
-5.58
8.75
0.12
7.16
9.37
3.93
-9.17
2.90
-9.17
-8.70
-7.64
5.27
2.92
-3.00
0.40
-5.75
9.86
-6.83
-6.38
10.00
8.69
-4.24
-8.86
1.83
4.26
7.65
6.83
8.86
8.46
-3.27
-7.82
-7.12
-4.52
2.30
-9.96
-5.15
-3.77
-9.13
7.75
-2.94
-7.83
-9.90
-7.67
5.09
-2.90
2.73
9.34
-3.04
5.90
-7.03
-3.04
4.59
-1.28
-1.91
-3.58
-7.01
-4.26
-6.75
-8.15
-5.79
-0.02
-5.97
-2.91
5.47
6.33
-2.88
-9.69
-7.44
-2.01
8.06
-0.38
0.16
8.16
1.95
-4.75
-4.73
-5.32
-5.41
2.23
-9.42
-2.44
9.19
5.18
6.28
-2.72
-8.40
9.27
3.02
-5.15
-8.88
7.23
4.84
-4.85
-5.69
0.30
-8.52
1.44
0.62
-5.95
9.43
-1.32
3.67
-0.41
-3.16
-4.38
4.84
2.11
0.30
9.43
-5.67
0.89
-3.01
-6.48
-3.94
-6.72
0.80
-2.34
-7.45
-6.18
2.52
-6.33
-8.95
-2.64
-1.18
-4.64
7.66
0.31
6.80
-1.72
4.35
6.23
6.96
-1.98
-4.18
-6.20
3.64
-9.34
5.90
-6.05
-9.91
-9.76
4.84
-2.92
-6.24
-9.10
0.36
4.55
-1.44
2.91
8.37
-8.92
6.57
9.42
-1.57
-4.60
-5.21
-3.91
5.70
-8.41
4.37
0.06
7.82
1.32
8.08
-6.36
5.12
1.72
-5.71
1.02
5.67
-5.62
1.26
0.51
1.46
5.02
1.40
-8.18
-0.43
9.97
4.73
-2.06
-8.96
1.30
-2.63
-0.52
6.70
2.15
5.57
2.40
3.74
-0.06
-7.54
1.56
-8.74
-9.46
5.20
6.38
2.26
9.49
-2.60
-2.07
-6.13
8.66
8.44
5.34
3.68
-0.15
7.16
-6.75
-0.19
1.89
1.19
0.86
-6.81
8.56
-9.67
9.89
0.71
5.90
2.29
-5.54
-4.16
4.75
6.01
-2.90
5.29
1.21
-6.52
-2.44
0.70
0.88
5.49
4.57
-0.46
3.93
-0.09
-6.78
-6.23
-2.93
-3.53
3.59
8.96
7.66
-5.56
-7.85
6.22
-5.23
-7.95
-3.06
-9.33
4.34
1.39
-3.49
-0.91
-2.59
3.61
-5.61
8.62
7.09
1.94
-0.68
-2.03
-2.57
-6.11
7.51
-8.64
3.80
-9.27
-4.87
-9.12
-2.80
8.72
9.84
-5.13
-6.84
-8.01
-8.91
-2.07
-5.96
-1.98
-1.39
8.38
9.41
5.12
-2.53
-3.18
-1.27
1.86
-4.57
-4.18
-6.20
4.75
3.79
1.23
8.64
1.31
2.59
2.45
2.04
7.73
3.32
9.24
6.45
3.16
-5.89
9.61
5.15
-4.81
-2.46
9.19
3.22
6.15
7.57
2.63
1.27
-4.96
9.45
-10.00
6.90
-5.12
-4.18
-9.30
9.63
9.61
1.94
8.28
0.92
-5.47
0.73
-7.04
-7.74
-5.95
-7.80
8.71
7.21
-3.69
8.32
2.37
1.50
-4.14
1.56
-5.28
-7.99
-0.87
7.35
3.28
4.17
6.80
3.28
1.07
-8.32
9.10
1.77
-8.69
8.71
-6.30
9.59
-0.37
-1.76
0.32
2.59
0.50
4.37
4.79
-0.79
1.58
-8.90
-2.48
-6.05
2.61
3.38
5.51
7.33
5.39
-5.37
4.68
-1.33
8.80
1.47
-8.05
-0.14
3.15
-8.95
-8.37
4.47
9.76
-4.66
4.06
-0.61
3.57
-5.63
-8.02
-5.93
8.74
6.77
3.27
0.32
7.87
-9.20
4.27
0.47
4.18
-0.22
-2.20
-0.43
4.41
-7.52
8.24
3.20
3.95
-9.81
-6.93
-2.90
-8.77
-5.30
-8.43
-9.01
0.03
5.63
0.38
-6.40
10.00
2.36
-2.33
8.74
-0.88
-9.06
-0.94
-3.01
-8.26
-6.67
7.46
5.92
3.10
-4.74
-4.51
-2.49
-2.26
-6.26
-9.28
-8.31
-6.08
-6.22
-1.20
-4.84
-1.52
0.37
-3.85
8.51
-4.01
6.53
-7.89
-4.01
-1.12
-0.22
-5.27
8.01
0.73
3.79
-5.00
2.47
7.12
-7.54
-1.61
0.22
-2.28
3.88
7.73
5.46
7.62
8.45
7.16
-8.46
-7.77
-4.05
-3.30
0.71
6.32
2.85
-0.78
-7.69
-0.63
1.33
-1.70
8.26
-8.89
3.02
6.26
1.84
-3.19
-8.74
-5.69
-6.07
-6.28
2.70
4.15
1.44
-3.42
1.88
-3.09
-5.81
0.33
-5.94
-4.27
2.56
0.01
2.43
-6.73
-3.67
-4.72
2.48
-1.36
4.65
-6.19
6.93
2.91
-5.07
-0.04
-0.83
6.77
6.77
0.43
-8.93
-9.30
4.15
3.77
4.85
-4.41
-9.65
-3.27
2.50
-5.46
7.06
6.56
0.27
-0.38
-3.42
-7.29
2.88
2.91
-2.01
-4.63
-8.46
-7.36
-0.82
8.48
5.55
4.11
-1.56
-5.28
0.87
-4.79
5.15
1.94
-4.10
-0.70
-4.29
-9.25
4.89
-3.94
-2.52
-2.61
0.60
-5.46
-6.05
-9.13
4.15
0.53
-6.42
-2.96
-6.57
1.57
2.40
-5.02
4.21
-8.42
-6.54
-0.24
5.69
1.90
4.48
-3.44
7.10
-0.37
8.50
-6.99
8.92
-5.78
-6.24
3.81
0.28
1.24
-8.80
-9.13
5.77
-4.85
-8.25
-0.07
5.68
-4.67
6.96
9.11
6.90
-0.64
-5.91
1.11
0.95
-2.45
-9.13
-3.37
9.44
5.34
3.19
6.54
-5.03
1.69
9.55
-6.11
5.91
-6.69
7.70
-3.82
4.54
8.90
-2.94
0.32
-5.95
-1.19
-9.76
9.72
4.14
7.21
8.83
1.04
-3.43
-7.08
-7.85
7.52
0.47
-6.99
-5.85
-0.09
8.36
7.34
-3.55
-6.68
-0.97
-4.00
-2.79
-5.06
-0.69
-5.08
1.12
-6.14
-6.19
8.18
4.17
-2.14
-3.01
4.42
-2.42
-8.87
1.63
-3.58
2.16
8.20
-0.66
4.31
5.72
9.80
7.32
9.87
-0.29
5.68
7.21
6.17
9.01
-3.76
-7.83
-3.78
1.18
1.48
1.14
-7.70
5.34
4.95
-9.52
-0.49
-7.19
-2.53
-6.07
0.39
-1.40
5.56
6.81
-9.24
3.76
-3.85
5.07
-0.52
-4.05
2.40
-0.66
5.66
-1.92
-3.45
1.83
-2.91
2.79
4.01
3.31
-6.03
-4.51
-5.56
-3.73
-9.17
9.39
-3.25
0.35
-7.80
4.23
4.28
2.59
-7.18
-0.16
-0.60
-6.42
-6.40
5.55
8.66
3.07
-8.50
1.06
-7.58
7.16
9.13
-1.03
-1.01
-3.78
-8.24
-7.00
9.53
-4.27
-1.51
-6.03
2.00
-0.68
-6.64
8.76
9.67
-4.44
2.98
3.94
8.15
5.81
-6.22
-2.44
9.39
-2.62
-6.90
8.05
-9.55
-5.40
-0.90
-7.13
-8.24
-1.76
1.84
0.76
4.46
3.60
3.76
3.98
9.33
-7.75
7.95
1.34
1.57
-8.69
0.10
1.24
-3.13
-6.92
-4.82
-4.97
8.89
-1.04
2.58
8.28
6.34
5.69
6.33
6.79
-9.71
-4.57
9.66
-7.95
3.67
1.50
2.81
-1.87
-4.89
-3.43
-7.89
-5.56
-1.19
-9.93
5.78
-9.62
-8.62
-4.12
1.62
-1.75
-1.04
6.80
3.28
-2.15
-4.24
-4.14
-3.87
-7.90
-8.45
-7.54
8.89
-8.16
-2.11
8.56
-6.11
-8.44
0.06
6.70
-0.31
5.16
-6.73
1.80
9.60
2.08
1.87
5.38
2.47
3.25
-8.74
-5.91
-8.50
0.22
-9.12
4.78
8.07
-3.36
-9.36
-5.80
-1.26
-7.80
-3.34
-2.36
-5.96
4.55
-3.81
-2.07
6.11
6.25
-5.37
-4.20
1.42
-2.10
7.60
1.02
9.99
-0.53
-3.59
2.45
-7.28
-2.33
6.54
-5.78
7.89
7.42
9.00
5.96
-5.93
9.64
-9.84
2.81
-8.16
-3.18
-9.55
-4.13
-8.63
-3.36
3.81
7.48
-7.10
8.44
-6.72
4.32
-3.66
-9.12
-4.66
-3.67
0.35
1.74
8.79
3.06
9.41
5.32
7.28
7.29
2.75
6.28
3.25
6.82
5.92
3.40
-0.37
7.75
-9.78
0.08
-6.37
-8.41
6.72
7.43
9.07
9.62
5.87
-7.66
3.93
-7.79
-6.78
9.27
-1.45
3.57
1.01
-2.67
-3.37
0.42
-7.34
-6.09
-2.29
5.40
-9.81
-9.04
2.22
6.11
4.37
-8.16
3.86
4.59
1.92
7.49
6.18
-1.36
4.92
5.24
-1.75
0.79
7.58
-7.81
3.01
-9.20
-8.55
-8.45
4.37
2.47
-1.12
-8.99
-7.11
1.54
-5.08
0.60
-3.06
-4.89
1.56
9.16
-8.78
-4.07
-9.00
5.08
-9.48
2.92
2.57
6.69
-8.44
-2.51
1.94
-0.18
8.28
-0.48
2.00
1.28
0.32
3.46
2.84
-5.31
-4.08
-8.28
-4.30
-1.19
3.25
0.62
9.41
-9.81
5.73
0.97
9.35
6.96
6.91
-9.65
2.04
7.42
3.27
-5.39
4.12
4.84
2.10
-3.95
-5.35
0.38
5.57
6.65
-8.34
-4.10
0.11
4.50
0.59
6.03
6.21
6.29
-5.16
-0.54
-3.09
-5.75
-0.35
-7.35
5.23
-1.00
9.61
2.13
-0.65
1.64
-0.44
-7.37
6.25
-6.32
7.46
-1.65
-0.27
-7.88
8.73
-4.69
8.77
-9.61
1.20
-1.12
4.89
-8.21
-5.09
1.10
8.08
-0.25
-9.43
-5.00
4.00
0.22
-2.35
-0.77
9.22
-2.75
-8.64
-1.42
8.90
0.92
1.20
5.15
4.60
-1.33
-6.50
-5.67
0.78
-7.77
-0.36
-0.45
-7.38
-9.16
8.43
7.51
-7.37
-6.66
-1.39
-9.28
3.09
-0.83
-4.29
-2.91
9.39
3.36
6.32
8.62
-9.39
7.69
-2.81
9.51
-1.39
8.40
4.65
-6.79
-2.93
8.15
-2.46
7.85
-9.62
7.18
-2.60
-7.00
8.02
-4.17
-9.50
-9.35
-0.83
-0.89
-8.63
-7.74
8.29
-2.92
-0.65
7.68
-9.56
-4.33
6.30
-8.95
-6.65
-6.51
-9.44
1.96
-8.11
5.21
5.17
-1.04
3.37
-7.29
-3.19
3.75
9.89
4.21
6.75
7.91
-9.96
7.25
8.56
-0.79
-3.64
9.93
1.47
-5.35
-2.99
-9.18
-7.67
-2.55
-3.51
8.63
-1.49
-0.16
-7.88
-0.93
-8.20
-5.99
-5.72
6.97
2.97
7.65
9.68
9.78
1.40
9.57
3.99
-1.86
7.49
4.04
-4.61
6.05
-6.75
1.76
5.98
4.72
6.41
-7.01
5.54
8.74
0.45
-7.97
7.37
8.95
1.87
9.50
-1.98
3.67
-6.49
2.30
0.65
6.49
-0.05
0.33
6.27
-8.65
-0.09
0.26
-0.51
-2.61
-5.70
4.88
-6.56
-2.45
-3.36
9.42
-7.73
-6.95
-7.59
7.81
-8.20
2.86
9.84
9.17
1.81
1.71
8.67
9.83
-4.62
-7.82
2.13
6.03
8.67
-7.92
-3.64
4.93
-6.57
6.27
-4.81
2.92
-6.34
-0.51
-2.20
-2.90
7.04
4.44
-3.48
9.30
7.50
-1.07
7.11
9.29
-8.22
6.95
8.46
3.59
-1.34
7.13
3.42
4.04
9.32
-4.45
0.07
7.98
-2.37
6.43
2.92
1.06
2.70
8.11
-6.03
6.36
-2.40
1.77
-6.54
-5.36
-3.79
-0.02
-6.06
-6.29
8.91
-8.94
-7.00
-9.31
8.01
-8.53
4.28
-3.33
8.60
-2.30
-9.29
7.91
3.25
0.78
5.90
-9.12
-2.79
-1.18
1.93
9.91
-3.07
5.91
6.27
4.53
-2.32
9.73
9.17
3.89
-0.29
-6.89
7.60
-1.38
-5.83
-9.40
-0.69
-7.82
-7.93
-6.41
-1.15
-9.34
1.29
-0.44
8.58
-5.46
-9.67
4.48
-4.58
-2.45
-6.71
7.35
-2.54
0.22
3.26
-6.27
-5.24
-9.07
-6.54
-6.07
4.82
3.17
-2.96
2.42
-8.21
1.21
3.02
1.10
3.39
5.09
4.68
-7.76
5.75
-4.03
1.80
4.33
0.51
2.13
-1.19
5.92
9.68
2.10
3.27
-2.86
-7.67
-3.47
0.87
-2.92
-2.54
4.33
1.01
-7.71
-2.50
8.05
4.71
-0.71
-0.73
-2.27
-9.61
-7.34
-7.18
5.07
-5.10
8.57
-8.96
6.70
2.90
1.55
-1.17
-8.29
-2.53
-1.49
3.81
-9.25
5.65
6.13
-2.72
-3.49
-6.78
4.74
-9.16
4.23
7.03
-1.66
2.28
1.74
7.64
-8.45
9.46
8.03
-5.79
-7.72
3.10
-0.89
-9.15
4.14
-4.18
3.75
-4.31
4.65
5.45
3.17
-6.84
-0.74
3.92
8.81
-4.60
-8.80
-4.68
-1.39
5.94
-3.84
-7.16
2.97
4.50
5.12
-5.30
2.14
6.66
-5.83
0.16
-9.13
-3.55
-6.74
-0.01
-2.70
7.41
5.80
-8.95
-6.90
0.45
6.50
6.27
3.61
-4.23
0.19
2.42
1.16
1.39
7.74
9.77
-2.67
-6.10
-7.39
-9.70
8.40
7.73
-5.00
0.54
4.39
-0.83
-9.30
5.26
5.62
-6.04
-4.75
-7.08
-8.63
-8.95
-6.03
-5.53
1.50
-9.53
-9.25
-4.89
-3.76
0.94
7.53
7.40
-7.68
5.26
7.17
-0.35
9.16
9.78
-0.05
7.55
7.51
4.95
-1.91
1.90
-5.87
-1.21
-2.83
9.75
2.75
2.42
-7.33
4.13
3.47
-3.36
8.60
-5.03
-2.89
9.35
0.07
3.34
0.28
-2.40
0.74
2.61
-7.14
-2.09
-7.74
-7.98
-2.31
2.21
9.57
-4.80
-2.84
-2.34
7.11
1.29
6.46
-5.72
1.04
-0.79
6.69
3.71
-6.66
0.16
-9.66
-8.06
5.13
-2.55
-8.72
-4.80
-9.21
1.56
2.80
1.53
-5.83
5.66
9.44
-3.57
7.68
-2.86
8.64
7.26
2.34
-4.20
-5.08
-0.55
7.10
-8.62
3.73
-1.87
0.59
0.42
-8.16
3.92
-9.42
-7.82
5.86
5.71
-0.36
7.14
-9.09
0.43
-1.29
3.71
-8.04
2.88
-0.63
-8.60
9.31
-2.94
-1.46
7.95
-5.69
-9.12
-6.25
-0.76
0.33
-9.15
0.61
-5.95
-1.02
-8.80
4.47
0.82
5.12
5.05
3.01
0.99
0.76
-7.36
-1.87
1.67
3.07
6.84
-4.63
5.03
-0.29
4.75
6.44
-0.98
-8.20
-5.03
-3.03
-3.89
-4.15
0.72
5.35
6.18
1.57
-4.04
-9.77
-9.45
-2.84
4.70
1.38
-7.71
-0.25
-5.62
3.27
-9.49
-2.97
-8.60
2.17
-9.90
8.24
7.55
5.14
-2.05
2.29
1.57
6.97
4.10
6.55
-6.06
-9.79
-7.60
4.66
5.56
8.58
-3.77
-8.48
8.81
-3.22
-1.31
3.51
8.16
0.98
-6.74
-7.46
-5.75
-6.23
-0.43
-4.35
5.94
-0.32
-6.11
3.49
-5.19
1.84
-4.22
6.38
-1.18
9.88
2.93
2.76
-9.91
5.33
-2.58
5.65
3.90
3.65
7.17
2.71
-9.56
-4.14
-3.78
8.60
6.84
-0.52
-8.86
-8.91
3.24
0.72
-3.25
-0.81
-9.61
0.64
-7.33
-4.80
-7.52
-1.54
-8.41
1.30
-1.67
4.51
-5.95
-1.58
-0.16
1.48
-5.93
-6.25
-4.87
-8.76
6.46
-4.43
-2.89
-7.32
-5.84
-6.05
2.15
-4.69
-4.96
-4.60
6.02
1.78
4.58
6.42
-7.58
7.26
-8.38
-5.10
-4.29
-6.80
6.20
4.05
7.72
-9.75
-7.53
-2.44
1.73
-3.46
1.31
6.86
-2.21
-2.24
-7.58
4.89
0.44
-3.41
8.84
-7.41
1.89
-6.12
-2.01
-2.09
5.66
-7.43
-5.67
8.08
9.83
-4.05
-7.02
-4.45
-0.85
9.17
9.60
-3.13
9.42
-7.93
4.43
1.15
-1.39
-4.26
-1.99
6.40
3.50
0.43
1.29
-6.06
7.02
0.13
-3.47
-1.09
4.01
4.52
6.82
-0.33
7.10
-8.85
-2.26
6.93
-2.90
0.72
-7.52
6.25
-0.11
-7.93
-6.87
-0.68
-5.86
7.56
-9.53
2.75
-6.70
-1.52
-0.85
6.80
8.91
-9.55
-9.26
5.92
0.58
-2.73
-5.17
-5.41
-8.20
-8.35
4.25
8.89
-7.20
-8.00
5.82
-0.10
2.71
8.30
-3.85
-7.39
-9.63
-0.72
1.92
-5.49
-3.16
2.39
7.26
0.13
-9.13
-3.59
-3.07
9.77
-3.14
-2.33
5.70
7.44
4.95
-9.48
-7.97
6.74
-7.83
6.28
5.63
-5.02
8.28
1.45
4.88
0.99
-0.25
-8.97
3.60
0.12
0.31
-4.48
4.62
7.15
7.91
1.89
-2.72
8.78
8.30
4.22
8.55
-4.84
-8.11
4.25
-7.40
6.84
4.77
-5.38
3.58
6.95
-9.09
-0.79
-8.08
9.18
-9.33
6.80
0.17
0.42
7.83
-6.23
-9.47
-1.85
-0.71
5.16
-4.71
-2.80
-2.96
2.58
-4.02
-4.66
-3.20
-5.47
0.50
-1.31
8.78
3.09
-4.48
3.55
7.72
9.10
0.50
8.62
-1.69
2.42
7.81
-1.02
-0.78
-2.02
9.40
-2.95
1.75
9.93
5.20
-8.96
5.08
-9.51
-1.76
-7.87
3.07
4.22
-2.53
9.87
8.75
7.96
-1.45
7.53
1.06
4.08
1.09
-1.22
3.18
-8.42
-2.60
-8.50
4.00
-4.80
0.48
-6.78
3.18
-0.13
0.28
-5.07
-0.20
-4.53
-4.03
-5.12
-4.03
4.21
-2.99
9.04
-1.56
4.48
8.91
-2.81
2.44
-2.54
-5.28
-6.50
-8.46
5.81
2.27
4.72
7.39
9.67
6.21
1.40
-5.12
-3.31
4.62
8.06
6.56
-5.10
-7.01
-3.64
0.37
-1.04
1.24
6.34
-6.82
8.25
5.38
1.61
2.73
4.28
8.80
-4.83
-8.25
-6.47
-1.34
-6.72
9.34
-9.06
8.00
6.73
-9.39
4.22
-1.87
-4.52
-9.09
-7.25
-6.46
7.47
-2.36
-3.47
-6.17
8.02
5.49
5.07
4.35
8.67
3.32
-0.27
0.29
-3.95
-5.98
-0.91
1.22
-4.24
2.62
9.88
-0.95
1.96
-9.18
-2.95
-1.31
-8.57
-8.73
6.82
-3.09
-7.82
9.57
0.45
9.64
-2.79
6.98
-6.53
-4.77
2.47
8.54
9.58
1.15
1.86
-0.69
-8.57
7.92
3.33
0.52
-0.87
9.09
-6.86
-0.99
-1.86
5.10
-0.17
5.19
-6.21
1.26
6.46
-9.40
8.16
8.63
-9.83
-1.39
8.28
-2.62
-4.41
-8.25
2.61
8.06
-9.71
2.19
-0.79
2.16
-8.50
0.64
0.07
4.83
-8.84
9.21
3.93
-5.70
-1.78
-7.93
9.40
8.05
7.26
-6.82
-0.69
3.72
-6.21
-2.53
2.35
-6.05
6.09
0.63
1.33
-8.32
2.38
-6.06
9.74
2.67
6.13
-1.05
-5.17
7.63
9.59
4.90
2.46
-9.24
4.11
-3.62
-4.94
-7.67
-1.55
-5.55
-9.62
-4.29
-2.36
-0.31
9.43
1.42
7.16
1.78
5.37
3.25
-7.59
-3.29
4.93
4.79
0.65
4.67
-2.53
-3.23
-6.38
2.30
-5.60
-6.78
-2.80
6.86
-6.03
-8.69
-6.76
-0.97
-6.36
1.70
3.48
-5.98
7.41
-8.88
3.71
6.83
2.54
0.88
-1.39
-2.09
-5.87
1.02
4.62
9.06
-4.19
-4.73
3.73
3.28
2.04
7.35
-4.43
6.44
-9.43
2.77
3.30
-5.46
4.09
6.55
3.57
7.73
-1.76
-2.95
-8.25
-4.35
-1.84
5.47
-7.52
-9.30
-3.66
1.09
-1.39
0.47
-7.89
-6.77
-0.47
-2.08
-1.50
-6.74
-8.80
-9.46
-9.39
-3.23
6.98
-8.82
9.54
0.29
-4.28
3.63
-3.17
9.28
1.36
5.07
-3.67
3.11
-9.28
4.50
-1.43
-6.80
5.20
4.92
4.29
-6.19
-4.61
6.40
-2.96
4.92
-5.68
5.54
8.18
-4.48
6.08
8.79
2.29
3.07
9.97
1.83
-6.65
-4.31
-4.54
0.19
-5.03
6.82
-4.74
1.30
-0.07
-4.02
-4.20
8.50
-0.81
-9.01
3.42
-6.52
-5.20
8.81
9.88
1.85
3.73
-5.80
-2.61
1.92
-0.28
-6.53
0.71
-7.99
6.54
0.68
3.85
9.89
6.37
9.31
0.08
-8.66
6.13
5.34
2.64
-3.94
-8.68
8.44
-5.44
0.51
9.44
7.98
3.99
-5.76
6.80
3.87
6.09
0.53
8.07
-6.53
-7.55
-2.20
-3.05
3.16
-0.19
-6.51
-6.16
-6.34
-6.62
-9.79
-7.03
3.46
-8.45
9.10
-1.20
4.19
-4.85
0.12
2.64
-0.28
-9.37
2.07
-2.30
4.62
6.32
-5.50
-1.51
2.40
5.03
-3.44
5.88
7.48
4.36
-7.18
0.64
-5.83
-3.69
4.48
-2.17
-0.31
4.68
0.80
-6.86
6.23
-0.11
1.94
0.43
5.05
-7.94
-6.94
-5.24
-7.30
5.14
2.46
7.32
1.45
6.96
-4.19
-6.14
1.99
2.37
9.73
-0.53
-3.27
-7.45
-9.89
0.91
-1.14
4.59
8.74
8.54
-0.73
-0.46
-8.31
-4.50
9.43
3.63
5.93
4.47
5.69
8.99
9.24
8.39
4.13
1.70
5.71
-4.41
-1.34
-8.48
-0.56
-9.34
3.89
-0.83
0.13
-9.38
1.73
0.24
1.53
-9.42
-5.18
0.27
9.13
4.09
9.81
-9.19
9.59
9.24
4.44
5.52
3.71
0.14
4.52
2.95
-1.47
-1.35
-5.35
-5.76
4.24
3.31
-4.25
-6.32
3.97
9.64
2.86
-5.90
-9.73
-5.42
4.33
1.80
-4.84
9.16
-7.93
-5.71
3.25
-8.12
-4.89
2.84
-8.88
9.55
-1.63
4.83
-0.31
-7.11
-2.22
8.22
1.54
2.43
-7.55
-4.22
-4.26
-1.79
-0.54
9.71
-2.15
-7.69
-6.20
-1.88
-3.11
8.13
9.92
2.06
7.29
-8.01
6.35
0.54
-6.13
-8.54
-6.62
-5.01
-8.99
1.74
9.82
0.70
4.63
-2.40
-1.09
-3.83
-9.98
1.37
1.94
-4.24
9.57
-8.60
-4.54
-2.58
-6.28
-0.74
5.54
0.61
-2.60
5.46
-7.33
-5.31
7.44
9.02
5.22
-8.69
-9.52
8.60
-3.70
-8.51
0.34
-3.88
2.19
-5.03
3.72
-8.89
1.14
3.74
2.47
-6.91
9.50
2.05
-5.51
-5.04
9.47
-1.79
4.22
5.01
8.82
-8.38
0.46
-8.51
-3.69
-2.09
-9.48
-8.46
-0.78
-9.00
-9.86
5.52
-7.50
0.48
-8.35
4.69
5.46
5.36
5.79
-3.40
-0.90
-1.73
-0.32
-1.40
-9.69
4.17
3.56
9.78
-7.62
-2.22
4.79
-8.80
-0.60
-4.74
-7.31
5.72
3.16
-6.79
7.25
-7.61
-5.79
7.39
7.91
-3.29
-2.13
9.56
-8.60
-6.67
4.92
7.19
-0.08
-5.98
-4.54
9.60
2.62
-4.23
3.77
-3.83
-4.45
6.15
3.96
-9.66
7.35
-6.64
-4.41
-9.95
9.08
8.76
-6.74
6.33
-8.86
-2.53
3.72
9.05
4.18
-8.41
8.61
5.58
-5.09
3.53
2.77
4.84
7.55
8.23
4.44
0.16
-6.01
-1.78
6.34
-0.46
-5.63
0.29
-0.12
-8.28
3.65
5.47
-8.23
2.73
4.23
-4.98
-0.94
5.38
2.50
-7.22
4.43
-3.32
-5.64
3.04
-7.74
-0.72
-3.44
5.03
-5.88
-5.89
3.26
8.56
4.27
7.25
-3.23
0.61
-3.21
1.14
-9.10
6.67
2.86
4.55
2.15
4.63
-2.72
-3.62
9.65
6.34
-8.25
2.15
9.12
6.18
8.83
-6.52
-0.78
-8.91
2.76
5.78
6.12
6.88
9.89
-0.62
5.43
4.16
-3.37
-7.79
-5.23
3.42
3.35
-4.33
0.09
-3.79
-9.78
-7.76
-9.16
-2.50
-1.39
-9.51
-6.15
0.37
2.64
-7.04
-3.45
1.47
-3.55
5.77
2.56
9.21
1.55
-1.32
6.09
1.44
8.06
1.52
-4.40
-5.31
3.73
0.37
8.11
-2.93
6.03
-1.80
3.28
6.25
0.44
4.12
-6.24
9.05
4.60
-2.39
-0.58
-2.76
0.57
5.97
8.71
7.02
1.73
1.27
6.23
-6.72
9.95
2.31
4.72
8.02
-6.16
-9.69
-7.29
7.56
0.68
-9.18
-5.36
-3.29
-0.98
7.92
-7.03
9.46
2.04
-3.27
8.51
-3.36
4.33
-2.07
3.88
-5.10
-6.10
2.59
-8.08
5.63
-6.14
8.15
8.92
-6.18
0.46
3.63
-8.17
4.30
3.95
-5.46
1.86
-5.37
-4.64
6.50
1.34
4.39
4.42
4.31
3.85
-3.54
-8.97
2.36
3.10
5.37
-9.70
-3.01
-9.73
-5.80
9.58
-7.81
9.83
-6.56
-9.66
8.75
-2.74
0.80
2.38
-0.91
-4.90
-3.67
3.63
6.96
0.95
8.99
3.46
-7.71
3.38
-2.12
6.60
-2.77
4.33
7.63
9.59
-2.57
2.99
9.89
4.42
3.26
-5.91
4.00
5.45
-6.08
7.44
5.79
-7.34
-5.30
-3.42
5.04
3.79
1.68
-8.63
-2.58
-1.36
2.32
-3.58
-7.91
4.61
9.80
-0.03
1.21
-2.97
-5.70
-1.16
-3.38
1.74
-8.17
-3.49
-3.84
5.09
0.60
-9.84
0.54
4.52
7.60
-3.67
7.18
-7.70
2.91
2.22
6.09
-5.41
3.59
-6.49
3.23
-4.09
-0.07
5.33
-9.48
-0.27
-4.70
1.72
6.75
-0.40
-9.44
-6.62
-8.66
-7.61
-0.11
-2.50
7.48
-9.51
-2.35
-1.98
5.00
-4.75
4.35
2.18
-2.45
-2.74
-5.60
-6.36
1.86
7.99
-2.85
-4.91
-6.10
7.08
-9.59
-5.58
-3.20
-4.29
6.14
-6.44
5.31
6.70
-3.07
6.65
9.09
6.82
-5.85
6.57
7.31
1.80
-5.41
2.31
7.05
8.94
-5.51
-5.40
-3.80
-1.11
-1.76
8.06
-3.12
5.39
-6.85
0.77
2.47
-6.44
5.19
9.27
-0.73
1.33
-7.17
-5.42
-1.97
-0.24
-8.77
-2.88
-3.42
-4.62
-6.32
-6.11
7.18
-1.73
6.20
4.22
-2.79
-9.32
8.82
3.41
-0.43
-2.94
1.47
6.45
-7.55
4.62
-2.78
4.92
8.18
-7.59
4.19
-2.55
3.74
7.02
2.04
-8.23
-3.22
3.27
-1.12
3.36
8.65
2.57
7.25
5.82
-9.16
3.45
0.05
-1.95
4.13
-1.13
-8.53
-6.30
5.93
2.94
-9.85
8.39
-2.44
-2.63
3.30
-4.26
-0.22
-2.51
3.19
-6.48
-5.49
-4.77
-4.72
1.29
8.50
4.17
-5.35
7.15
-3.27
-8.09
2.97
-2.43
5.36
-6.98
5.63
-0.51
1.89
7.09
3.20
-2.17
0.03
3.35
-3.79
7.59
-9.28
9.51
-6.67
0.50
-2.99
6.52
4.02
1.52
-8.24
9.30
-7.19
-9.74
3.47
-2.54
7.41
-9.80
-0.63
0.38
-2.22
-5.27
3.40
-6.60
4.22
-4.71
-9.51
-2.58
3.11
0.52
-9.23
9.33
-1.89
-8.51
8.84
1.44
1.99
-4.15
-2.04
-3.99
7.36
-0.28
-4.69
-9.83
-0.03
8.78
-2.37
-2.62
8.98
7.00
7.76
-3.24
-8.28
1.16
0.16
5.95
6.45
0.66
-6.64
-0.44
-8.82
-5.87
-1.11
-0.71
-4.38
-2.27
-9.27
7.61
3.57
-1.31
-6.39
0.93
8.41
-1.08
1.10
-1.61
-2.30
8.73
5.77
-3.32
5.73
3.53
3.44
7.45
-5.32
-6.39
3.40
-8.87
4.27
6.76
0.69
5.45
-9.11
9.58
-5.26
-3.49
-2.70
-4.53
-5.88
-9.12
4.17
-2.27
1.81
2.58
6.65
-7.09
-9.03
-5.66
-8.36
6.74
1.03
7.37
0.26
-5.53
4.82
4.95
-1.92
-1.79
6.08
-7.65
-5.02
-3.23
7.80
-4.13
-3.65
-7.46
2.38
3.65
-1.99
6.49
4.53
-7.82
-5.78
-3.66
4.76
-9.13
-0.75
5.73
-4.79
0.89
2.47
6.24
-1.75
-7.27
-9.29
-6.93
7.68
-1.21
1.29
3.76
1.13
6.26
-9.47
-1.07
-7.87
-3.13
1.46
4.51
-9.47
9.48
1.00
5.05
-8.34
5.22
-8.61
6.42
6.09
0.64
2.16
-8.70
-8.47
-5.37
7.53
-0.22
-2.64
8.24
2.85
-4.96
-2.98
-5.86
8.80
8.16
-9.60
9.33
-2.92
-7.47
-3.80
8.55
7.04
-3.27
8.03
-1.96
-8.22
9.69
-6.74
-6.83
6.11
9.35
3.81
-1.73
-9.35
5.34
2.89
8.18
-4.88
-9.75
6.42
7.97
-4.71
-6.56
-7.89
-5.91
-8.40
-7.48
-6.58
-1.32
-4.95
-0.38
-2.77
-7.91
6.35
-4.74
0.13
8.13
-5.06
3.39
-8.70
-8.95
2.74
5.11
-0.68
3.38
0.44
-7.79
1.56
5.56
-7.54
-2.02
3.53
-2.24
1.42
5.65
1.85
3.02
8.16
5.27
-8.30
-6.79
-5.10
-1.07
-4.70
-8.75
4.19
5.42
9.38
9.13
-1.19
-9.32
-9.82
-8.45
5.78
-0.50
4.93
-3.77
1.71
-3.51
-8.21
4.17
4.47
5.32
-8.07
-4.10
0.97
3.78
8.91
-0.87
-0.95
-9.38
2.34
3.95
-0.45
7.63
5.20
-6.26
3.06
4.58
-7.13
-8.13
5.25
-6.95
-6.58
1.04
2.55
8.35
7.27
-5.75
-5.16
9.05
8.42
9.32
4.38
-9.65
-4.79
-4.65
4.13
-5.87
4.48
-6.82
-5.26
-3.18
7.13
4.29
-5.55
2.33
8.03
7.51
-3.09
-9.10
9.37
-7.84
-6.05
-7.21
3.20
6.49
-8.86
0.46
-9.25
-4.02
-0.49
9.17
-4.70
-6.11
9.52
0.51
-0.76
3.65
4.64
-6.29
6.84
9.38
0.53
3.97
3.67
4.98
-3.70
1.70
2.48
3.20
2.60
1.86
5.36
6.55
4.65
-1.44
3.04
5.79
9.02
3.79
-8.23
-1.47
2.96
-2.93
2.42
2.49
7.58
-8.34
-3.86
2.22
-4.63
-7.02
1.61
5.90
6.95
-4.72
0.88
-6.75
6.99
-6.64
6.45
-0.41
5.22
1.81
-3.87
-0.14
-9.63
9.18
-4.35
9.38
2.97
-2.58
-2.08
-4.07
4.49
-9.66
8.42
2.07
-8.00
-5.43
-5.70
-2.63
-2.45
5.90
-6.73
-5.51
-8.82
4.15
-2.26
8.17
7.50
-5.81
-2.24
2.72
6.00
3.89
-7.41
6.36
3.07
-1.76
5.75
-3.96
5.66
-6.34
1.97
0.15
-6.00
0.39
-7.77
-4.00
4.96
-3.48
3.37
-7.50
-7.57
6.64
-3.00
-6.39
0.79
4.74
-8.22
-1.71
8.92
-0.46
-8.99
4.92
-6.57
-6.40
1.28
6.50
1.84
-2.97
-7.47
-2.50
0.69
4.50
7.65
4.70
-5.11
9.87
-9.30
9.85
-3.60
4.07
-7.65
-1.18
0.71
-0.65
2.44
-8.51
-5.92
4.22
-0.22
-7.00
-6.24
0.79
7.92
-2.81
4.39
-0.79
-6.32
-3.77
6.24
-3.79
3.72
-3.07
-9.29
1.37
-8.37
-4.40
1.24
-7.68
-4.55
7.64
6.39
-2.20
-3.54
-2.90
7.15
8.90
-1.41
-8.77
3.12
8.38
-5.76
6.87
-0.83
-7.84
-5.94
-6.44
1.37
-2.26
-0.21
-2.40
3.96
-6.49
4.53
4.67
4.88
6.16
-9.72
-3.87
8.48
-4.27
-6.23
4.87
3.53
0.23
-8.03
0.68
-0.87
0.57
1.92
-7.75
-1.06
6.16
9.12
8.11
8.32
-6.82
-8.33
-0.31
0.93
1.46
7.29
-5.12
4.97
1.83
9.55
-0.14
-2.01
9.83
5.98
-3.53
-4.44
9.75
-8.65
9.09
-0.02
-6.68
-0.23
9.11
3.89
-8.31
-8.64
-7.17
7.85
-9.52
-9.06
6.17
-6.33
-7.39
-4.14
4.59
4.07
-6.85
9.48
-0.96
4.98
9.03
8.90
-7.03
8.86
4.88
-0.56
-5.58
4.63
0.79
-6.49
-5.39
4.11
3.28
-6.28
-2.00
4.97
-4.92
0.82
2.82
-4.44
1.76
-1.01
-0.78
4.38
4.85
-6.18
-1.55
8.00
-6.71
7.49
2.98
-7.68
6.39
5.94
-8.82
1.27
-4.62
-4.40
-4.10
6.17
-0.89
0.51
0.28
-7.61
4.23
8.27
7.37
9.31
-0.90
0.19
-5.14
-9.14
9.18
4.09
5.24
4.03
7.90
-6.31
2.03
-8.80
-8.82
-4.99
-6.48
7.57
-9.05
-5.29
-1.16
-3.66
0.31
4.75
-7.49
9.42
-4.74
2.79
-8.19
9.49
1.06
9.17
8.79
-9.84
-0.63
-6.34
-8.98
-1.45
7.75
6.26
-7.42
5.65
9.95
4.62
6.85
-8.88
9.63
-9.63
8.69
-9.42
-4.92
-2.47
-3.08
5.38
-7.72
-0.57
4.80
-2.46
-7.79
6.61
-2.97
3.27
5.78
-4.18
3.43
-4.85
-0.52
4.45
3.70
-2.77
0.72
6.28
-7.12
0.66
0.90
9.73
1.78
0.52
-9.90
0.47
1.11
-4.83
8.01
8.02
-9.44
-9.71
-2.55
5.35
-2.17
-0.33
1.96
4.86
-7.06
-2.26
-9.32
6.37
2.89
0.16
0.83
-3.42
7.39
-8.46
-7.14
-9.73
2.20
3.76
10.00
-6.01
-5.72
-9.90
4.46
5.39
-4.73
2.47
3.41
-4.17
2.76
-9.13
-8.82
-9.41
0.53
3.14
5.45
3.47
-9.12
6.13
-0.16
3.77
-3.70
-9.33
-9.64
-6.31
-7.79
-6.78
-6.04
4.41
6.98
-6.04
8.40
-8.73
-5.95
2.86
6.66
-0.68
-4.67
0.07
5.15
8.09
0.94
6.33
8.68
-8.53
-0.53
4.13
4.94
0.36
0.26
-5.22
-5.87
6.56
-4.55
-5.51
-9.75
-2.34
-2.29
-5.79
-7.93
-5.31
-1.84
-9.53
-4.04
2.22
3.33
-7.38
-8.46
8.66
2.69
6.69
6.75
-6.37
3.02
5.43
-4.90
-7.51
-0.45
-9.96
2.85
9.82
-5.18
6.98
6.38
0.27
-8.53
6.63
7.93
-0.82
-9.17
-9.99
3.87
-1.00
-9.52
9.83
-8.79
3.81
-7.55
-7.25
2.47
5.14
9.44
-0.79
8.77
2.45
-5.36
-6.13
4.95
4.19
-6.10
-2.20
4.01
-1.28
-5.22
0.39
9.00
-3.75
-2.99
6.93
5.43
-2.15
6.93
-0.70
6.84
7.41
-0.87
8.06
1.22
1.58
-9.19
-6.31
-3.28
-9.76
2.90
-4.51
2.70
7.54
-0.65
-2.36
1.74
3.26
5.44
-4.25
-8.02
-9.78
6.13
-9.02
-3.53
-6.85
7.91
-8.11
0.99
4.84
1.19
-2.16
2.25
-9.68
-4.11
-6.53
1.89
-3.30
-2.85
8.61
-3.06
-9.95
-5.90
9.64
7.59
3.45
-2.72
-0.67
-3.29
-7.28
5.08
-1.30
-7.06
1.21
-0.32
-0.60
4.36
-2.42
1.30
-4.65
-7.58
-7.52
3.19
4.67
-7.20
9.08
8.14
4.69
-4.22
-4.71
3.31
2.71
-4.66
7.41
2.35
-7.06
0.86
9.63
2.27
7.58
-7.65
-2.66
-3.72
-4.71
8.56
5.95
4.70
2.92
-6.47
-4.01
8.27
-4.04
-1.53
1.46
-9.38
1.27
0.54
8.76
-4.03
6.31
-5.95
9.28
-0.97
-0.61
6.69
-8.62
2.33
-2.45
-8.99
-5.41
-4.87
-6.64
1.94
1.40
-1.35
0.49
-2.65
-6.65
-6.59
0.89
-0.66
-8.32
6.84
7.81
3.14
7.47
-0.91
-6.33
6.23
5.06
9.99
-9.72
4.33
-0.99
-0.33
1.02
0.39
-8.00
8.57
1.40
-3.41
-6.31
4.76
8.53
5.09
-6.59
-0.98
-7.55
-3.24
2.43
3.33
6.09
4.11
0.18
3.91
-2.76
-2.35
-7.01
0.92
-6.13
8.05
0.90
-5.85
2.38
9.91
3.82
-6.60
0.30
5.82
-8.04
-8.30
-7.59
-4.35
6.46
-9.06
-9.25
9.87
-0.04
-6.81
-3.37
-7.61
6.53
-7.28
6.50
-3.29
6.63
-6.26
4.35
9.62
4.66
8.23
7.67
-4.44
-7.62
0.05
-4.53
6.20
3.44
5.78
2.02
5.40
7.48
4.43
-8.94
3.95
5.37
-8.20
3.82
-4.68
-5.00
-9.55
-2.29
-8.47
-6.83
-5.79
-1.77
9.80
-2.05
-7.41
9.42
-7.39
-9.18
7.08
-1.83
-6.80
-2.87
3.65
9.40
-9.43
-0.57
1.42
5.97
-3.09
-4.15
7.03
-9.15
-8.79
8.83
4.67
-3.46
-6.17
5.12
4.25
-4.64
8.29
8.46
3.59
8.08
-3.59
6.18
7.50
-0.97
7.00
4.58
7.20
-9.81
-8.29
0.84
9.59
-7.72
-9.73
1.01
8.26
-2.82
6.85
5.29
-1.97
8.06
4.12
-7.29
-5.40
7.95
7.83
8.85
-6.69
6.11
7.31
6.91
4.20
-6.28
3.09
1.70
2.75
0.08
-3.72
-0.05
0.28
-2.01
-9.21
-0.13
0.28
-8.94
-9.13
-1.47
-1.76
7.73
-6.18
6.28
5.79
7.94
8.98
-9.61
5.89
6.81
9.24
9.20
2.92
6.55
6.11
-2.88
-9.73
-0.80
8.81
3.02
9.28
-4.91
-7.03
-0.44
3.08
-6.24
9.43
-6.64
-5.18
-9.70
1.89
3.06
8.03
5.71
-0.66
3.82
3.65
-1.68
4.21
-0.46
-4.87
3.45
-1.25
8.05
-0.00
-5.14
-4.84
0.27
4.05
-6.02
-6.71
3.33
-0.93
-3.75
-7.11
-7.85
0.01
-7.68
-4.49
4.83
-7.38
7.41
-2.11
-9.35
3.12
7.23
4.47
-3.23
-4.45
-1.32
6.31
0.68
-7.87
-4.95
-1.27
2.12
-0.09
3.89
-7.61
-6.04
7.87
-4.32
7.30
-3.06
1.93
-9.81
-0.91
-8.06
-7.49
4.61
6.77
-4.87
2.01
-5.34
-4.22
-4.87
-8.11
-9.75
1.89
-2.56
-1.07
-1.80
8.12
1.06
3.26
-3.15
-6.82
-6.84
-9.26
-4.43
-2.88
8.61
1.25
-5.58
-4.46
-6.83
-5.39
4.64
-4.89
-2.88
-0.76
-8.12
2.25
-8.74
-3.46
8.03
-3.61
-1.57
8.28
8.28
5.88
-2.79
-3.52
4.00
8.26
9.74
-9.15
-8.55
-7.10
-8.42
-2.98
0.03
-9.81
8.26
4.44
-4.27
-8.57
9.05
-9.63
-3.45
-3.83
-0.39
-1.57
8.42
0.87
4.97
6.44
7.26
-6.60
4.72
5.54
9.28
-8.07
-7.98
3.28
-9.80
-8.24
4.13
-8.36
-5.34
5.71
-1.34
4.69
5.90
-3.08
-0.87
-8.37
-1.65
-1.82
-8.00
4.90
4.35
1.62
-6.68
2.77
-7.51
8.29
-0.79
9.74
-8.30
-6.06
5.28
-9.02
-4.13
7.30
4.26
-3.94
9.06
-1.61
-2.30
-6.28
-5.90
6.36
8.40
-10.00
-6.72
-2.47
-8.37
1.63
5.72
-6.36
-3.48
0.07
5.26
-0.15
-7.16
7.74
-1.86
2.05
7.49
-0.16
5.99
2.77
0.82
-8.14
0.07
-4.92
-2.08
-0.87
3.46
5.62
2.85
7.56
1.98
1.25
7.56
5.26
8.78
9.20
-3.11
4.50
-7.16
3.41
-5.43
8.09
-6.74
-2.60
5.84
1.40
9.46
3.32
-8.76
5.44
-3.91
2.05
7.30
6.16
7.13
-4.78
-4.71
0.59
-9.16
8.13
-1.85
2.82
-0.62
-4.28
-1.92
-1.84
-5.09
4.97
-7.34
-2.25
-1.62
-2.77
-4.16
1.64
4.63
-8.32
-6.96
4.08
5.00
-5.73
-0.47
-8.90
6.33
-3.17
7.26
3.45
2.05
-7.46
-5.95
2.89
-9.32
2.20
-4.28
0.06
7.92
3.80
8.22
-7.17
-1.23
-9.12
0.58
7.14
-1.90
6.43
-1.22
-7.27
8.11
1.82
6.82
3.11
6.09
-3.65
4.21
2.42
3.17
1.46
-4.13
-4.78
4.00
-0.09
8.11
4.68
-7.89
-6.17
-5.26
-9.97
7.62
-7.04
-7.14
-3.61
-6.17
3.45
-6.46
1.94
-0.13
2.32
4.67
-2.02
-5.87
1.49
-8.91
-9.78
7.84
5.30
2.64
1.01
-3.24
8.51
6.23
-9.24
-1.58
4.34
5.44
0.54
8.17
-9.82
0.57
5.79
-6.87
3.44
-7.82
-3.03
-3.12
-4.28
8.91
6.76
8.04
3.58
-5.26
-7.83
-4.93
-4.17
-7.60
-7.09
-8.87
5.04
3.92
-2.11
3.55
0.15
-1.34
-8.03
-5.51
-5.90
2.51
-7.34
-5.72
-6.92
8.45
-2.58
6.51
-9.36
4.38
-6.60
-3.64
3.29
-9.84
-5.61
-3.13
-5.10
-3.43
1.94
0.73
-1.04
4.85
1.86
-6.00
-1.24
9.75
7.55
8.91
-1.59
9.52
-6.60
2.51
2.03
-3.94
6.79
5.11
-5.49
-5.79
1.62
-4.86
8.59
5.02
1.50
1.88
5.17
5.89
8.75
-9.93
-7.54
0.70
0.80
1.42
-4.46
-7.34
5.43
4.31
-7.59
2.97
3.22
0.82
2.49
6.62
-6.67
-5.48
-7.33
-9.88
9.63
-2.82
-5.67
1.25
2.32
-7.08
-3.73
-6.18
4.80
-8.56
9.71
3.56
-8.49
-7.83
-5.75
2.31
3.59
-0.20
4.97
-0.98
-5.89
7.38
-8.01
7.32
-1.80
4.48
3.94
1.53
9.00
6.61
1.66
8.63
-6.21
5.99
-0.13
6.11
8.91
6.14
9.93
3.71
7.58
9.64
-2.73
9.09
-8.19
1.52
1.40
5.40
-8.68
-3.64
-5.58
-4.57
-6.26
-3.59
-7.25
1.94
-9.10
6.70
-6.53
9.90
3.31
5.13
8.53
7.10
1.11
-1.60
3.21
0.02
-5.46
3.14
-6.27
-7.88
2.78
1.00
-8.79
4.58
-7.48
2.61
-0.02
-6.15
8.97
4.40
-0.72
-7.29
-9.19
2.03
4.65
-8.29
-1.27
8.12
-8.39
-7.97
3.25
-9.87
9.13
-5.64
-1.47
2.34
4.38
3.07
-4.52
8.11
5.20
8.25
-0.89
6.41
2.84
1.63
-0.98
-7.18
5.47
-2.01
7.22
-5.25
0.70
8.04
6.78
-4.65
9.75
-4.49
-6.52
-8.65
-2.46
6.73
-8.51
-3.33
-8.91
0.02
9.01
5.47
-6.90
-5.51
3.58
8.29
-7.25
-7.32
4.70
5.58
4.31
-6.29
8.41
-0.21
1.70
5.63
4.54
-7.60
3.67
1.32
-2.24
3.41
6.82
1.23
4.77
-5.64
-2.04
6.25
1.03
-0.95
-3.72
0.05
-5.48
-0.63
4.54
8.10
-2.34
7.29
-9.22
-7.64
2.87
5.09
-3.93
1.28
-5.12
7.77
-3.09
9.42
-9.83
-9.43
0.73
-2.07
3.99
-2.44
9.17
-1.25
1.92
-2.87
-4.99
-7.05
6.18
1.28
3.00
-9.30
-9.35
-2.46
8.80
-1.68
-5.17
9.58
0.68
7.70
4.67
6.75
-1.02
9.55
4.52
5.89
8.96
4.70
6.46
-0.30
-7.37
0.44
7.25
-8.21
9.20
-0.83
-1.08
-5.80
2.12
-4.90
5.48
-4.88
-4.20
6.14
2.66
-5.41
-5.54
7.48
-5.83
5.13
5.18
8.84
1.88
-5.84
8.39
-3.59
-9.95
7.35
-8.90
6.51
-2.95
-6.27
-3.05
-5.70
-4.47
-3.85
3.47
4.45
0.35
-4.41
9.55
-4.17
0.71
-4.66
-8.03
-6.63
-0.06
-3.57
-9.15
4.11
-8.44
6.04
2.95
3.45
-9.80
1.33
9.86
-9.75
-1.32
-9.04
6.76
5.73
-5.31
-6.29
-9.97
0.22
-0.14
3.50
-5.34
-9.79
9.09
-5.79
-3.96
-0.21
-0.45
-1.98
3.16
9.49
4.45
4.01
3.60
6.01
0.05
-3.45
-0.54
0.25
7.88
-0.68
0.49
-3.44
0.28
-2.75
-7.71
4.97
0.96
-7.68
-4.81
-9.18
5.81
-0.15
-8.97
4.90
4.06
-2.93
-5.31
-6.38
5.09
7.85
-6.89
-0.46
1.86
6.71
-4.45
-8.09
-6.74
5.01
2.15
-8.86
-5.68
-7.35
-2.30
4.60
-0.10
-0.01
-0.43
-9.14
2.30
4.76
-8.32
-1.89
-5.39
-7.29
-6.99
8.67
-0.22
-2.30
-7.71
-5.13
-4.45
-4.60
4.41
7.41
-7.89
9.96
9.32
-4.63
4.96
1.47
-3.49
9.29
4.12
4.21
3.89
-5.99
-5.80
-6.54
-5.13
6.50
8.22
-3.45
-5.39
-7.17
-0.74
-2.38
-8.50
9.05
5.32
-6.21
-6.08
-9.12
-0.81
8.33
8.29
1.30
8.28
7.61
6.67
3.25
-0.92
-6.82
2.53
-6.80
7.39
-3.58
-2.79
-8.42
-0.12
2.09
8.08
-1.90
8.64
-7.31
0.93
-2.09
0.31
2.43
-3.05
-4.36
6.22
0.87
-3.48
-4.59
-0.80
-5.19
6.71
-2.52
-7.58
3.37
-9.27
1.50
6.55
3.26
4.69
3.94
9.68
-8.09
5.52
-0.43
3.99
3.61
7.67
2.63
6.30
-1.40
-9.46
-3.39
-8.97
-2.51
2.25
7.25
8.36
8.77
-7.34
-2.44
-6.43
9.37
5.04
-4.01
2.74
5.76
7.49
-0.71
-0.98
2.18
-6.76
-1.29
4.09
8.76
8.28
-1.92
2.37
5.95
-9.29
-1.34
-5.45
-8.75
5.27
-4.41
-1.26
-2.48
-7.16
-2.89
-3.71
-4.50
4.67
-0.13
-5.13
-0.30
5.86
7.61
-4.53
3.34
-3.10
4.49
-4.47
0.14
-6.80
9.61
-1.10
-8.52
-2.31
-8.74
7.43
-1.59
-0.07
-8.02
-0.34
-4.80
-2.43
8.41
2.73
0.41
-4.49
9.02
5.91
-9.82
-1.12
-9.23
-0.12
-5.26
8.38
5.35
8.08
-4.72
-0.16
-6.39
5.42
3.04
-6.78
-5.68
4.52
0.92
-4.42
1.95
9.33
5.51
3.93
-1.01
-9.29
-8.50
-2.61
3.43
1.91
2.91
2.45
-2.19
3.08
-8.66
-1.41
-7.03
-3.92
-3.03
8.32
-5.84
2.25
-1.84
-2.23
-2.33
-8.79
0.99
1.99
5.73
-8.09
7.57
-2.32
-8.76
3.08
-8.39
0.22
3.79
-6.89
7.61
-2.78
5.01
0.52
9.67
-7.17
-6.40
-8.99
1.42
-3.43
-2.92
8.39
-5.11
1.24
0.64
3.06
9.01
8.31
4.27
0.00
0.30
-0.00
1.91
-2.13
7.68
3.15
-9.05
9.29
-6.63
4.73
-7.60
-9.02
-8.04
7.41
1.50
-8.37
-9.76
5.11
-7.36
1.66
-8.32
-0.28
0.05
-3.43
-9.04
-9.31
9.63
9.97
9.00
3.89
-0.02
-0.70
-6.11
-8.11
7.18
-8.43
5.04
8.12
-9.14
8.41
2.86
-6.75
9.39
4.82
-9.33
0.90
6.44
-9.09
-4.00
9.08
2.57
-2.32
-1.20
-7.38
4.25
-0.24
-6.69
3.88
-0.27
-7.69
-2.23
9.71
1.61
1.66
-8.40
-1.21
3.23
6.64
-3.09
4.09
5.04
9.77
7.34
4.44
4.59
8.01
-4.67
1.03
8.91
1.33
0.11
1.48
9.02
8.91
4.09
3.27
-1.33
7.40
-2.85
8.40
9.71
4.92
8.11
1.32
-3.41
9.71
-9.89
9.82
6.35
-2.97
3.91
1.39
-3.20
1.25
-4.17
-8.61
-0.74
1.16
2.42
-1.83
-7.50
-7.47
9.65
-8.49
-8.56
3.74
4.78
0.11
1.14
-8.07
-1.48
0.85
6.85
-3.37
-7.82
-6.56
-3.66
-7.71
-6.74
-7.31
-0.68
7.16
4.08
6.12
-1.59
9.91
7.51
7.67
1.07
-0.07
-4.16
3.57
2.47
-4.52
5.08
3.91
9.23
-0.14
-5.98
0.37
1.79
2.54
-8.77
-1.36
9.17
-6.60
2.08
-4.49
-4.30
5.33
-1.81
5.01
2.49
-7.73
1.13
-9.09
-7.82
-1.36
8.57
3.25
8.58
-5.59
-3.19
1.04
-0.11
-8.11
-5.04
-0.88
1.75
-1.02
9.49
-6.46
-8.48
-9.28
2.18
-9.31
-5.87
-5.75
-3.80
-0.18
9.58
4.39
-5.17
2.08
6.66
5.97
2.98
8.83
-5.39
1.56
2.08
-6.81
5.96
8.89
4.23
-4.14
-9.22
9.19
4.98
2.53
-1.83
4.47
6.06
-0.31
5.19
-1.76
0.38
9.32
2.49
6.58
-0.86
2.07
0.96
3.97
-5.85
-2.38
-0.06
7.13
-3.55
4.55
-1.31
8.53
7.74
-5.35
7.41
1.97
0.51
8.19
1.16
-4.51
0.72
9.33
9.96
-3.22
-0.98
5.16
5.02
9.40
4.48
-2.49
5.98
-6.38
9.58
-3.06
7.59
-6.27
4.56
-2.46
-9.14
-8.99
-7.91
-0.45
9.54
9.83
4.20
6.95
1.80
-5.29
5.14
-7.04
0.20
-4.14
-7.71
0.16
2.64
1.32
-4.68
-2.34
0.72
9.79
5.17
-3.30
-6.59
4.75
3.64
-9.00
8.47
-1.80
-1.46
9.33
-0.79
0.63
-1.12
-1.25
0.46
-6.92
-4.30
-7.74
-2.22
-9.16
-4.78
7.98
-3.30
-2.49
-1.86
9.35
8.83
3.45
-2.99
-0.45
3.25
-7.83
6.25
6.66
6.92
-0.11
7.66
5.39
8.09
-3.80
4.72
-2.70
6.83
-6.40
6.05
-2.71
-3.32
-8.25
-0.46
4.46
-7.41
4.76
2.44
-0.71
-7.72
-9.42
-1.36
-8.89
4.03
5.64
0.66
-2.72
7.82
-3.09
-6.06
4.73
6.80
-8.40
0.13
4.90
-2.20
-5.15
-7.80
-5.37
-1.55
8.25
1.92
5.13
-10.00
-8.54
-0.41
-7.41
6.23
-7.96
1.89
8.51
-7.38
-9.48
9.61
6.65
6.17
0.28
-6.07
3.98
7.19
-2.14
-1.28
3.99
-0.54
8.84
-1.12
7.26
-6.31
1.09
-8.11
2.14
-0.66
3.81
-2.72
-0.66
5.27
6.87
1.93
1.49
8.91
-6.19
-0.00
-8.48
-5.66
-0.39
8.17
-9.49
9.89
-7.90
4.49
7.08
-0.04
-6.79
1.06
9.42
-7.95
9.95
6.68
-4.25
1.03
8.57
7.89
-9.63
2.38
-4.83
-0.29
-2.35
-7.96
-8.36
9.14
-9.05
-4.55
-0.86
-7.53
-0.21
8.76
-9.36
0.29
8.65
-7.26
-5.22
5.72
2.70
-2.01
-3.21
2.13
0.05
-3.26
-1.19
5.80
7.77
-2.62
3.69
8.14
9.76
8.86
-2.15
-2.59
-9.10
-0.52
-3.45
-8.16
4.93
5.69
-5.69
-5.28
4.45
-5.05
5.01
3.10
-2.31
9.80
-1.18
-9.60
-2.21
5.61
2.52
7.84
-7.66
-8.67
3.64
-9.89
-1.29
-2.67
8.26
-1.53
-3.82
-3.90
5.88
-2.92
5.59
-7.57
-1.08
0.52
8.12
3.23
5.24
2.57
8.19
0.26
-4.33
-4.12
0.06
4.49
-3.72
7.85
0.09
8.80
5.69
2.44
-9.87
-0.67
2.55
-1.16
6.66
0.81
7.31
-7.16
6.91
3.19
-0.08
2.50
5.61
8.84
-6.98
3.73
2.08
8.27
-3.70
0.26
-1.47
1.97
6.15
8.58
-3.55
-7.58
6.43
6.55
-8.77
2.12
-1.01
-8.64
-8.55
-8.46
0.20
8.11
2.35
-2.49
-9.05
-0.74
-9.31
0.87
-8.24
6.31
-0.29
-5.21
0.04
-8.21
-6.94
6.34
2.05
1.58
-1.69
-1.80
0.16
4.76
0.62
-3.41
1.31
1.85
8.72
-9.70
3.21
-9.83
-8.16
-6.60
8.28
4.19
0.91
9.23
-6.54
1.61
0.10
-4.78
-2.09
9.81
0.01
7.95
-8.40
3.06
4.29
3.65
-5.36
-7.40
-8.15
4.81
7.36
2.47
-8.60
-1.32
-5.68
-9.88
-1.02
7.53
-9.71
0.82
-9.07
8.56
-4.99
1.85
7.79
-1.53
-6.55
-2.11
3.69
1.37
-2.30
-6.30
-0.68
-0.70
6.76
-6.38
-7.05
-8.60
-3.78
-5.19
6.21
-6.42
7.28
7.61
2.26
-8.40
7.73
-8.77
9.13
8.01
2.05
-9.93
6.58
7.06
1.92
4.37
-4.47
5.37
-7.74
9.21
-3.26
-0.04
-7.09
6.06
9.25
9.67
9.68
-7.79
-8.93
-4.10
-2.99
7.28
-0.52
-5.71
4.89
-8.26
-4.10
2.62
-7.03
-4.97
0.63
5.02
-4.90
-2.79
2.08
7.01
-8.42
7.60
2.38
-6.16
6.82
9.12
3.79
9.73
5.19
3.05
9.40
4.87
5.25
-9.53
-9.24
-7.73
7.75
0.24
-3.44
2.64
1.98
2.46
-4.74
4.95
7.49
5.90
-0.04
-7.41
-6.89
-7.96
9.60
-5.31
9.64
1.98
-1.48
6.46
1.11
-7.69
6.19
-3.71
5.36
5.58
-8.84
0.61
6.05
-8.08
2.88
3.80
2.16
9.44
-3.55
-5.86
1.90
1.71
9.09
-0.61
-2.40
-0.95
1.97
0.71
1.09
1.57
5.40
0.74
-6.44
-6.08
-2.80
4.67
-3.77
-6.62
-9.04
-8.41
8.97
-7.88
2.20
5.02
-5.96
-4.92
-1.18
6.20
-5.48
5.27
-9.65
6.42
-3.02
9.43
-4.19
4.58
-1.52
7.78
-4.71
9.58
-0.64
-9.31
0.31
2.92
-5.39
7.51
-2.42
0.84
-9.11
-1.46
2.43
9.86
0.66
-5.37
4.88
4.70
-0.29
-6.30
0.90
4.23
8.97
1.25
0.65
-4.05
0.68
6.46
-9.47
9.16
4.24
-4.18
8.74
-6.40
-3.49
-0.95
6.52
1.12
-3.44
-5.90
-8.04
-2.55
2.64
4.39
-2.69
-6.70
9.01
-7.81
8.00
-1.28
-4.11
-1.10
-7.05
-5.14
-9.85
3.61
0.81
0.82
0.07
1.34
-0.01
-5.69
7.16
-1.27
-2.09
-6.32
7.78
-5.57
4.80
-5.67
-1.47
6.76
1.78
-8.82
1.14
9.09
-5.52
0.15
-8.73
-7.52
8.88
-2.84
1.38
-8.17
2.02
1.52
5.44
-7.17
-7.65
-4.50
4.17
2.34
-0.19
1.34
-8.94
7.73
5.01
8.84
-7.84
-0.19
-6.83
0.69
-3.44
4.95
1.87
7.71
4.04
6.35
-2.14
5.31
8.83
-3.26
-7.52
0.21
-1.43
4.50
-8.27
-6.00
7.34
-5.92
-0.49
1.51
6.42
9.32
-7.16
7.48
7.05
7.86
6.32
9.21
-2.33
9.49
-0.10
4.23
4.45
-8.23
1.94
-1.52
8.12
9.80
-6.20
6.95
-3.47
-3.73
-2.84
5.10
-9.23
-1.11
9.10
8.11
2.98
-1.39
-0.38
-0.61
-2.07
2.46
-3.12
-5.02
0.32
-6.80
-5.82
7.98
-7.31
4.08
2.21
7.14
5.85
-5.85
-4.38
3.97
-6.05
-0.58
0.92
0.48
5.69
8.08
-4.42
6.47
-3.02
-5.31
4.58
9.95
3.30
-5.80
-0.65
-8.77
6.66
6.22
-3.80
-3.02
9.42
0.38
-5.04
-7.89
-5.54
7.18
9.25
-9.69
-8.67
-5.13
4.28
-4.73
4.29
-4.79
5.75
-0.02
-6.71
-8.66
-3.55
0.26
-3.98
-8.97
0.21
9.32
-4.78
9.56
-9.46
-8.12
5.78
-3.25
-1.14
5.20
7.13
3.83
7.32
-8.41
1.00
6.57
-8.10
2.33
-8.55
6.19
7.60
5.74
-8.61
3.36
-4.28
-5.32
4.69
2.17
4.94
-9.28
3.20
-4.84
-9.97
8.43
-5.29
-9.42
-9.69
-9.50
-2.68
-0.83
5.70
-5.55
-7.00
3.02
-3.96
4.00
-0.41
-2.06
-3.67
1.04
-5.87
-6.07
-3.22
-4.48
7.29
2.50
0.20
1.98
-5.32
-4.86
2.70
7.88
0.29
2.73
6.31
5.01
3.31
6.62
5.51
-9.37
-4.21
1.21
-4.92
-1.21
-5.77
1.12
-7.21
3.82
9.06
-0.88
-5.14
-6.81
3.05
1.64
-1.29
0.34
-5.86
8.90
-7.67
-1.18
-5.96
5.03
-3.30
4.33
-2.24
-7.00
-0.66
-8.93
9.62
-5.15
-8.30
-4.59
6.06
-3.21
4.20
-9.71
7.91
6.99
4.11
6.97
-3.89
8.97
-9.84
9.16
0.61
-1.13
-0.50
4.75
-2.23
1.83
-6.43
1.81
-3.15
0.27
-3.86
4.61
3.27
5.49
5.68
2.89
-9.67
7.38
8.30
6.39
-5.83
2.50
6.68
-7.92
-0.52
0.78
9.05
5.59
-0.25
9.21
4.75
-9.63
-1.93
-5.75
5.12
5.84
6.08
8.69
-2.35
-7.07
-1.04
3.79
7.54
-7.77
-0.72
3.22
5.12
-0.39
0.61
3.41
-4.00
4.78
-4.09
-7.32
6.86
5.39
3.46
5.90
0.98
-6.79
5.11
-4.27
-6.42
-6.82
-0.02
8.70
9.02
-3.95
7.39
-3.34
-1.02
-3.65
-9.55
-3.47
-1.43
-0.27
9.75
-6.31
9.34
0.36
7.11
-4.66
-4.86
-6.98
-1.99
-8.01
8.41
-8.53
7.90
-0.61
-5.31
3.00
5.12
-1.74
6.18
-4.90
-3.04
5.20
1.15
-5.65
-8.14
-9.87
0.69
-7.69
-3.34
9.27
2.04
-3.59
-7.04
1.38
6.77
-9.94
6.72
-8.09
-6.92
-5.27
-6.10
-8.51
-3.79
-8.20
0.88
0.89
4.80
-4.00
9.15
0.98
1.09
-3.89
-3.82
-7.76
0.46
-1.96
-7.62
-8.85
0.35
-0.97
-9.58
-7.61
5.44
-6.62
3.77
2.21
-6.56
0.49
4.12
-3.48
5.22
8.02
-1.99
-8.57
9.82
8.89
2.32
4.62
-5.11
1.47
-4.40
5.98
7.59
1.78
8.22
-1.95
9.82
-9.40
-0.80
0.17
-0.37
-0.38
2.56
-4.92
3.00
-3.67
7.29
6.45
6.81
1.41
-7.03
2.04
-0.57
0.99
3.47
-0.75
-0.12
-4.21
-6.12
4.77
7.26
-0.52
0.75
4.85
-8.74
-1.03
-7.10
-8.92
-0.43
2.10
1.25
9.20
-8.27
-6.19
-5.72
4.73
0.13
-8.43
1.18
-3.05
2.98
4.15
8.98
-7.59
-4.86
2.45
1.67
5.02
8.23
5.54
-0.22
5.49
-4.97
-9.47
0.34
-3.71
-0.50
3.24
-2.63
9.08
-4.66
8.62
8.28
-2.93
-7.58
-7.44
-8.20
2.56
-5.87
2.98
9.50
7.11
-2.87
8.49
9.53
2.27
0.94
1.20
-2.71
-0.83
-3.26
7.07
-5.33
1.77
7.60
5.01
8.05
-2.89
-1.75
-4.58
-3.82
3.59
-5.96
-5.54
-9.34
-3.54
-2.98
-7.54
9.02
1.16
5.43
8.52
-1.73
-7.44
7.01
-2.20
4.83
-2.05
8.99
-7.89
7.12
-4.27
9.18
-8.21
7.50
6.79
6.80
5.55
-6.11
-4.95
-9.03
0.08
8.64
-4.99
4.54
9.30
1.48
-8.44
-8.24
0.50
2.72
7.19
-0.98
-9.01
9.75
-3.97
-1.22
4.58
3.98
-2.23
6.69
1.10
3.51
5.88
2.88
1.00
2.66
-0.32
-3.45
6.56
4.73
-2.47
-3.36
3.37
2.54
-8.82
2.67
-5.98
-7.26
4.43
4.51
5.46
1.62
-6.47
6.44
1.37
-0.44
-4.77
-4.05
-6.46
3.00
-7.36
4.64
-3.49
8.52
-2.47
7.51
1.19
7.21
-5.93
-2.26
1.93
1.59
4.38
-4.70
-5.87
5.56
7.97
-1.85
8.29
2.40
-7.34
3.75
-5.98
-3.81
0.20
5.38
5.76
5.42
-8.67
9.30
-1.57
-6.03
3.94
4.94
-7.50
-8.53
2.45
3.68
8.67
6.52
-8.57
0.61
-1.89
5.81
5.91
2.24
1.36
3.88
-9.61
-0.34
-3.72
-6.95
-6.59
0.29
-0.75
3.60
-4.32
-5.00
-0.97
-2.99
-5.70
7.46
0.98
8.24
2.39
3.48
9.71
-5.16
-2.84
8.39
-8.64
-1.41
-1.01
-0.53
-5.60
-5.10
-8.29
5.76
8.79
-7.90
-4.59
-4.94
-4.84
-1.18
5.36
4.40
-7.57
-8.96
9.41
1.45
-1.95
-6.29
-1.09
9.03
-8.05
-8.70
2.51
-8.33
-3.85
9.67
-9.95
-2.50
-1.74
-0.95
6.97
2.66
3.95
8.68
-1.59
2.74
-9.22
3.83
7.80
-4.06
-7.35
3.16
-9.66
-4.92
4.20
9.75
6.53
-7.76
-6.54
-4.56
-8.73
-4.59
-3.25
3.78
-2.92
2.89
3.46
-2.87
-9.60
-8.28
6.18
7.37
4.38
0.13
6.05
-7.21
-7.13
6.83
6.62
-9.33
-7.23
9.27
3.83
-6.89
-5.65
-1.97
-7.14
-9.12
0.27
-3.68
-3.68
1.54
1.73
3.06
-4.68
8.81
-4.04
8.78
-4.05
-3.65
-9.50
-7.87
-6.28
4.88
2.26
9.77
7.67
5.13
6.60
4.29
5.80
9.38
3.56
-0.37
-7.51
7.90
7.65
-4.65
8.78
-2.08
1.67
-4.90
9.46
-6.60
8.16
-5.22
-7.78
-5.88
-6.44
-1.84
0.47
-5.94
0.29
4.20
8.94
-7.45
3.97
6.61
7.67
0.57
0.89
3.47
-0.05
-5.55
-6.90
2.44
-7.64
-9.24
7.79
-8.86
-1.32
-0.54
-3.76
-1.86
2.86
-5.60
2.92
5.08
-1.48
6.48
-6.76
8.99
-9.46
3.53
3.19
9.47
6.07
-2.84
6.08
3.75
7.73
-3.03
-2.78
-2.33
1.43
0.32
-9.89
3.78
1.08
7.90
4.92
9.75
-2.64
-8.84
-2.11
-9.78
-4.44
-9.19
5.30
4.08
7.28
8.54
3.08
7.82
2.07
-3.73
7.29
-1.86
3.42
3.37
-8.11
1.15
-9.66
-0.89
8.83
1.77
9.43
8.94
-4.45
0.51
6.84
-9.53
0.27
-5.80
-8.37
8.15
-5.58
-2.81
8.96
9.72
-8.73
6.24
8.26
4.35
4.06
0.33
-9.38
1.35
8.47
4.04
-5.28
-9.63
-4.81
-4.93
-0.52
-5.99
6.83
-1.09
-7.05
-7.61
9.42
9.79
-7.14
-0.31
-6.01
-5.51
-2.16
-1.60
1.69
-3.20
-1.88
2.96
-6.96
-3.61
-2.69
7.11
6.72
-2.07
-1.54
5.19
-8.03
3.18
5.56
-2.84
8.25
-4.97
1.17
5.08
3.95
4.12
7.47
3.37
3.91
-9.67
-6.94
7.90
-5.18
0.90
-3.70
6.51
7.70
4.43
-0.53
-9.25
-9.19
6.78
7.85
7.53
-5.29
-3.69
2.72
-3.32
9.49
-1.72
3.84
7.74
3.31
-4.99
2.82
-2.74
9.13
0.28
-9.37
3.04
0.61
-6.32
0.94
5.43
4.58
7.24
1.93
2.29
1.67
-8.60
3.03
2.48
8.19
0.88
0.01
-7.10
7.19
-7.27
-0.42
6.68
1.00
-6.58
4.42
-5.69
-1.58
-2.77
1.57
-2.45
7.51
2.20
-9.41
-1.88
5.88
1.53
-6.45
0.47
-1.23
5.48
-7.25
-9.56
6.89
5.78
2.92
5.07
-3.33
-7.08
7.98
-6.14
-4.35
-2.44
-9.46
6.65
0.97
4.96
-9.03
9.40
-7.81
2.54
-3.05
9.71
-5.26
-2.45
-2.17
-9.38
9.08
1.38
1.09
-2.15
-3.14
3.84
-1.71
-6.26
-0.38
-8.79
8.82
6.29
-5.86
6.79
-9.85
-0.21
-5.65
-9.31
-3.56
5.32
5.65
-2.59
4.72
7.85
9.95
-8.33
7.56
-5.31
-0.78
-4.61
-4.69
-1.70
6.76
6.40
6.15
-6.38
0.24
-5.55
-2.64
9.87
-4.34
-3.82
6.16
-0.20
-7.03
6.31
9.59
-2.68
7.00
-3.97
-7.35
2.66
3.44
7.37
0.51
3.39
9.04
-1.94
8.08
-1.74
3.45
-6.61
6.56
0.21
9.80
2.72
3.83
0.04
7.17
-8.80
-0.09
-7.17
-2.62
-3.93
2.63
0.35
-7.62
2.22
7.67
9.38
8.24
-9.68
2.04
1.68
7.69
-7.45
-4.93
6.73
0.61
-6.85
-5.00
-5.94
-3.46
-8.44
4.27
-3.66
4.28
-1.89
6.38
1.45
-0.70
-3.71
4.28
6.68
2.36
-3.09
-2.97
4.74
9.12
-5.30
4.13
7.37
-4.98
-3.83
-0.95
-7.29
-1.29
4.12
9.44
9.32
7.27
-5.56
-6.62
-6.19
-3.99
7.65
0.15
-9.71
-4.24
-3.47
1.74
5.06
2.82
-3.98
1.74
-4.82
2.93
8.77
9.93
2.05
-6.53
4.05
-0.58
-1.51
-9.78
8.47
1.20
-1.07
2.59
0.64
-1.75
-0.14
5.08
1.63
3.67
-8.91
-0.72
-6.18
-8.62
5.04
0.35
3.12
0.11
-6.83
9.14
-8.15
-1.65
2.06
-9.37
-1.72
-5.89
-5.90
-7.67
3.53
2.59
-7.45
2.00
-6.22
1.48
-5.41
4.42
9.73
4.45
-0.49
1.36
-1.88
0.60
-9.35
1.94
1.98
5.69
-7.71
-4.90
-4.20
-4.54
-5.76
-2.34
3.81
6.30
-1.72
-7.91
-9.58
2.38
-5.57
3.95
-5.04
-3.02
-4.05
-1.25
8.46
0.54
-6.83
8.19
-5.00
2.68
-0.44
3.12
-6.73
0.20
-4.95
5.25
-4.10
-2.66
-9.65
1.70
2.80
-5.41
9.35
-3.39
-9.11
-2.37
-1.29
-8.69
-9.99
3.13
5.26
-5.03
-9.89
-8.79
3.72
8.57
1.76
6.89
6.76
6.75
-0.44
-3.68
-0.13
2.84
6.52
4.92
-1.91
-7.58
-7.74
-1.56
4.12
5.06
3.02
3.47
-8.32
3.91
-8.90
0.38
5.22
-8.88
-6.48
0.48
-3.91
-6.37
1.69
9.81
-7.80
-6.56
6.70
8.96
-9.80
-3.74
-4.72
0.06
9.09
-8.19
-5.02
-2.82
-5.77
-2.76
5.62
8.35
-7.69
-1.36
1.82
-6.02
-7.45
2.92
4.37
7.77
4.04
7.88
-1.75
-9.87
-8.49
9.94
9.94
-6.29
-6.62
6.63
-7.32
-6.43
-7.11
-2.04
3.64
-8.01
-0.23
8.62
-0.83
4.00
-4.14
-5.22
2.34
-1.83
3.42
-5.84
2.16
5.97
7.08
-3.48
3.74
1.12
-5.59
-8.01
1.25
-4.08
-8.08
1.18
-0.37
-4.70
-2.19
2.30
-1.12
0.71
-9.74
-7.49
2.69
0.03
-8.87
-8.14
-5.97
-3.00
-3.36
6.37
5.17
-9.94
-9.47
-2.68
6.03
7.61
3.85
-0.23
-1.27
8.25
1.76
9.98
-5.83
3.68
1.16
3.80
8.98
8.98
-3.90
-2.14
-0.32
-3.63
0.38
-7.62
6.40
1.51
-5.76
-9.57
8.50
0.88
6.81
3.67
0.94
7.34
-9.00
-3.03
4.95
4.84
6.74
-6.31
3.10
-1.50
-6.33
7.27
-7.82
4.83
1.06
-8.83
3.80
7.17
-0.97
-6.51
-6.47
9.41
-4.14
9.93
0.91
0.10
-9.64
-0.58
-9.02
7.17
-6.91
1.92
4.51
-5.91
8.89
-0.54
8.94
5.63
3.15
2.03
-5.86
6.82
-0.70
-3.68
1.65
-9.64
-2.51
-4.55
7.53
6.52
-1.06
-8.94
5.92
4.80
-9.01
-3.16
-5.10
-8.64
6.26
-4.12
8.53
9.35
7.80
3.04
-6.56
6.69
-7.50
-7.62
2.32
5.65
4.41
6.46
2.47
-6.29
-7.22
-5.88
-5.93
0.27
-0.43
-8.40
-3.21
8.51
-7.34
-7.29
3.32
-6.35
-0.45
8.22
-4.99
-4.19
-5.89
-6.47
-4.84
-8.09
6.57
-1.40
8.60
9.07
0.97
0.92
4.72
-4.62
-2.62
-2.81
-0.91
0.16
1.31
3.16
-9.57
-9.11
4.76
-2.79
9.40
7.41
-0.07
2.72
-8.93
9.48
0.94
-3.93
-4.71
5.05
-0.39
0.44
6.95
-3.83
9.04
5.55
-4.76
0.02
-3.53
9.96
5.40
3.85
-2.84
-5.51
-5.99
8.47
7.65
-5.56
9.36
2.40
1.65
8.76
-0.18
-8.42
1.48
0.88
-8.95
-7.58
6.95
-3.66
7.47
-3.44
6.78
4.43
2.73
5.83
-0.02
7.98
-4.16
6.45
7.94
-8.76
0.30
-4.91
-4.27
4.31
-6.43
-6.63
8.75
-7.08
5.78
0.40
-8.32
-4.41
1.97
3.16
6.47
3.03
5.59
3.43
9.36
3.06
9.99
6.15
-2.51
2.72
1.97
7.46
0.70
7.82
3.91
-1.37
9.06
-5.79
3.73
-5.21
8.53
7.29
-1.84
7.27
-9.78
-6.06
-2.33
-8.10
-0.47
9.64
5.06
-4.00
2.67
0.65
9.43
2.03
-6.29
9.42
-1.82
1.20
2.14
-9.85
-1.34
-7.17
7.97
-7.43
1.47
7.03
-3.21
-4.81
-8.19
-4.69
-7.51
-0.02
-7.41
-7.30
3.92
0.25
-5.39
-6.55
-0.10
9.67
-0.55
-7.44
0.32
-1.12
4.59
4.03
-1.70
-7.23
-4.77
-9.57
-7.08
3.89
-6.73
-9.11
6.46
4.73
7.92
-6.75
9.93
9.73
-1.43
-7.59
-0.29
1.15
-4.88
-6.37
-8.59
-0.28
-2.93
1.30
-0.61
6.52
3.86
9.72
-4.60
-1.54
3.75
3.70
1.23
8.98
4.13
4.15
2.87
7.40
5.04
-0.67
2.13
2.96
2.58
2.05
2.70
-8.85
4.47
-7.59
2.30
9.59
-3.97
3.70
-0.69
3.11
-5.00
8.70
-0.37
8.87
8.42
5.03
-2.68
2.17
-1.27
8.55
1.15
-7.13
2.70
-5.98
-9.74
-2.26
3.35
2.39
-9.30
-4.07
-5.55
3.40
-2.93
8.91
5.81
9.37
8.50
-8.16
3.08
-2.19
4.95
8.08
-3.49
-5.42
6.95
-5.07
9.62
-5.73
7.10
-1.65
-7.18
-1.75
1.21
5.52
2.27
1.48
-6.74
-4.38
-6.13
-6.04
1.54
-1.68
7.36
8.62
-2.77
3.17
7.99
-4.27
5.01
1.07
3.54
-0.04
-0.85
-9.94
4.54
-3.91
-5.01
4.16
0.36
-7.90
-7.49
3.18
0.35
3.72
-1.30
-7.38
-4.80
1.96
-1.77
-0.93
5.93
9.78
7.38
3.29
8.40
-5.39
-3.54
6.39
0.35
-8.53
-2.55
-6.11
1.43
6.60
-6.05
-4.02
-7.31
-1.06
-9.86
3.06
1.03
-7.36
-3.76
-8.62
6.36
4.94
-6.00
-8.44
-3.10
2.24
0.63
-7.17
2.02
-1.99
6.12
0.41
2.62
-7.42
-3.20
-7.03
-5.95
4.25
-3.14
5.49
0.85
0.81
-8.54
3.55
9.74
-8.40
-3.40
0.78
-5.76
2.84
2.16
-9.39
-2.21
6.17
-7.83
4.69
-1.60
2.79
7.52
-9.58
-9.20
3.64
0.83
3.42
6.22
7.63
6.40
-9.73
1.88
-6.75
5.76
-7.26
4.06
7.22
6.28
3.80
8.82
-7.11
-5.42
-6.93
5.73
6.75
-6.33
-6.49
2.91
-4.16
8.20
-8.68
8.63
5.72
-8.26
9.43
-0.64
2.57
2.86
-4.42
0.20
-0.75
-4.14
-7.91
2.51
-8.39
-5.18
-3.43
8.84
-8.89
-9.63
7.66
-6.01
-5.04
-9.27
9.72
-8.30
-5.60
-6.77
4.62
0.24
-8.56
5.94
-1.13
7.16
7.67
-1.69
-3.47
0.25
-8.84
2.11
-9.55
0.42
7.96
-7.46
-7.08
9.58
-2.64
-0.51
8.42
-1.53
-0.14
6.08
2.46
4.82
6.81
2.18
6.52
-8.78
5.41
1.13
1.46
6.85
-2.93
-9.66
4.01
-5.25
-1.36
-9.46
4.99
-0.19
2.65
5.44
-9.78
0.61
7.98
-6.86
0.19
-4.66
2.63
-1.40
3.81
-7.51
-5.32
-3.74
7.31
-8.51
8.44
3.82
-7.29
3.85
-5.04
4.17
0.70
2.03
4.50
-5.29
6.77
-6.85
-4.75
1.77
2.95
7.89
-2.79
3.17
-1.50
-4.81
6.32
8.69
0.53
-1.05
-2.71
-5.67
1.44
1.97
0.59
-1.25
3.46
-0.97
-7.43
6.17
-7.12
-2.47
0.34
3.58
9.56
-5.15
8.29
6.33
-2.00
-6.47
-1.90
-9.05
-8.57
5.31
4.12
-0.07
-9.51
0.44
-1.38
1.02
9.39
5.90
5.35
0.82
-2.12
-4.06
9.57
-8.66
4.97
-7.86
7.51
7.85
-0.33
-2.14
1.43
-0.77
2.71
-0.28
-4.44
-9.30
3.25
3.66
-8.35
4.68
-1.03
5.77
-5.39
-0.54
-3.79
3.22
-9.52
-4.41
-0.87
5.83
6.42
7.00
-8.23
5.99
8.34
6.74
8.13
5.85
4.59
-2.20
-6.29
-3.98
7.03
6.42
5.73
-7.41
7.12
-1.02
6.25
8.77
-6.34
-4.78
4.54
-1.74
4.68
-9.25
-8.51
5.15
-3.66
0.61
0.98
-7.24
-2.39
2.75
8.75
-4.05
-0.51
6.88
-8.20
-5.92
-5.32
-4.48
0.09
-8.29
-8.07
-4.18
-5.70
9.05
4.80
-9.45
7.82
8.46
-4.23
2.36
-3.27
-9.56
3.11
-1.79
5.60
9.45
8.82
-3.42
-7.79
-3.56
9.33
-9.05
2.39
-1.19
7.83
4.19
2.89
-7.49
9.71
-7.02
-5.78
-8.36
-1.20
-1.49
-9.31
-6.39
-0.94
8.51
-7.93
4.83
0.87
-1.20
5.27
-6.02
7.01
0.87
-6.58
5.84
7.45
-4.37
-7.73
6.78
-3.42
4.66
-4.41
-5.59
-1.15
8.48
-3.08
-1.44
-8.54
1.14
0.20
0.26
9.65
0.89
3.87
-1.29
-0.59
5.94
-6.46
-9.72
-5.26
8.81
-5.75
-8.24
-0.32
-2.32
7.60
-2.87
3.31
9.87
-6.09
9.89
4.53
-0.50
-5.70
-6.61
-2.02
1.23
1.95
-0.56
-7.63
-7.85
9.70
-7.98
3.04
3.58
0.73
-7.56
-0.48
4.27
-7.28
4.26
3.09
-3.03
6.02
-7.23
4.65
3.62
-0.10
-2.04
3.49
3.81
-2.15
-1.98
-6.69
2.15
1.41
1.29
-6.62
-6.65
-9.27
-4.26
-4.50
-9.56
-2.24
8.54
4.01
8.50
-9.02
-6.47
2.77
-6.30
7.80
-4.14
0.68
3.82
-1.37
-4.67
-2.56
8.53
3.29
-9.08
2.34
-8.87
-1.06
5.66
3.28
-9.65
-3.05
6.66
-6.30
-2.32
-7.59
-0.80
-1.88
0.17
-2.26
-7.87
-1.34
-1.28
-4.34
-8.57
2.42
-6.54
-2.71
-6.91
7.27
5.92
-1.58
-5.29
4.45
-8.29
-4.37
-3.20
-7.16
4.58
-7.55
6.12
4.93
-0.60
2.79
8.63
7.08
5.19
-2.17
-4.81
-4.64
5.57
-2.68
4.03
-5.72
2.98
5.46
6.70
6.44
-7.25
9.79
3.71
8.67
-1.79
8.42
3.13
-0.08
-5.95
9.92
2.76
8.63
-7.63
-1.12
3.56
1.77
-8.33
2.19
-1.15
6.86
-9.98
4.05
-7.78
5.59
-8.63
6.25
9.87
4.35
1.71
6.56
0.79
4.46
6.36
-5.50
3.14
-5.43
-7.08
-3.74
4.48
-3.03
-3.81
-2.76
-4.40
-1.44
6.12
9.16
-9.67
7.79
1.35
-0.81
4.65
1.37
-6.76
6.87
-3.05
-5.39
3.12
-3.18
8.96
-5.17
-6.62
-0.26
9.29
9.74
4.24
2.43
-5.69
7.16
8.69
8.79
-5.88
-5.13
-3.97
-0.28
3.43
-7.84
-1.12
3.77
9.95
-9.77
-7.04
4.60
1.60
-3.81
1.47
8.55
0.80
-5.42
-4.63
-0.25
-0.59
-1.25
9.50
-1.30
-1.51
3.74
-8.87
2.80
0.89
9.81
1.59
5.02
-5.31
7.62
-5.26
8.12
9.78
3.62
1.89
9.73
3.85
4.85
4.32
-4.56
-8.96
-4.21
-6.01
1.84
0.37
-0.64
-8.41
9.78
8.12
-8.91
-1.52
-3.39
4.83
-0.39
9.41
-4.27
-0.58
1.01
-9.26
4.11
-1.37
-4.52
2.23
-1.59
9.10
-5.88
-1.86
2.95
8.97
-7.54
8.39
-9.99
-1.76
-7.61
1.85
8.61
1.75
3.44
8.39
-0.13
4.54
-3.12
6.48
-0.63
6.48
5.90
5.09
-4.10
-3.10
5.84
-9.99
5.53
-8.68
2.25
-6.06
-9.58
6.37
2.08
3.37
5.34
4.53
1.76
5.36
-7.23
4.15
-2.79
-8.61
-4.10
-9.35
9.78
5.77
5.19
-3.34
2.25
-5.44
-6.86
-1.86
9.65
-0.96
5.04
5.49
-0.94
0.57
6.81
-8.69
4.52
7.23
7.68
-3.41
0.60
3.02
-8.87
-7.64
-1.62
-6.10
6.51
5.59
-4.71
-7.59
6.24
-4.93
8.18
1.43
1.73
0.42
5.99
4.87
8.57
5.65
-6.09
3.61
1.14
2.97
-5.81
-2.06
4.27
8.70
-4.82
1.95
-4.70
5.78
-5.03
-3.58
8.14
3.35
0.32
4.65
-1.06
5.61
7.06
-4.81
-9.32
5.24
6.62
2.40
-4.34
2.62
-2.73
-5.77
-1.74
1.18
7.84
9.40
-5.85
-7.97
-2.66
8.43
-9.27
2.52
0.38
-3.97
-1.71
5.35
2.45
-3.57
-1.30
-7.23
-8.92
7.65
8.38
8.15
-7.17
9.05
3.38
9.46
1.46
9.05
2.07
8.73
-6.72
-9.67
-0.09
-8.88
9.73
4.06
-6.85
-2.93
2.49
-6.12
9.59
-7.14
-0.09
-2.12
8.22
-7.65
4.32
-3.08
-4.88
5.40
-5.43
-6.50
3.55
-2.60
-7.45
-3.07
-3.14
4.01
-4.02
8.93
2.74
-0.74
9.26
-7.35
0.38
8.99
6.71
3.53
-3.93
-0.80
7.41
-4.34
2.06
-2.69
3.54
0.28
-0.33
-2.14
7.20
4.79
-6.74
-8.23
8.29
6.81
-0.83
-9.17
-6.26
6.03
4.84
-0.28
4.96
-2.42
8.98
4.23
0.23
-0.65
3.22
-3.06
-7.12
9.29
6.14
-9.71
-5.05
-1.80
-2.40
8.49
8.48
7.27
-3.66
5.68
2.06
-0.40
7.45
0.34
-3.59
-3.38
1.18
0.15
-7.35
-3.98
9.87
7.61
3.60
8.85
1.84
-6.18
-1.80
-4.94
0.76
1.08
-5.65
-3.10
1.37
-0.70
5.10
8.97
-2.21
3.58
6.24
4.13
-0.74
-1.71
-6.27
-3.30
8.64
0.15
3.32
-0.19
-9.70
5.97
5.83
-9.83
3.59
-0.57
9.02
-4.57
3.26
-2.78
0.50
-5.98
8.30
4.85
0.92
-0.33
-5.85
-3.98
-1.36
1.94
9.59
-5.12
-3.93
-1.15
3.17
-0.20
5.56
1.81
9.95
-1.12
-8.38
-9.76
-5.14
7.46
-9.59
8.44
-3.11
9.43
-6.12
-9.86
-3.35
4.37
-5.84
-5.05
-0.78
5.08
4.62
3.37
-8.91
-6.74
-4.70
-9.31
-1.86
1.37
-0.46
-8.69
-8.83
-4.90
3.12
-8.88
3.98
4.74
-8.64
8.83
2.20
-8.22
7.28
9.09
-8.79
-8.85
9.23
-2.14
5.52
-6.61
2.81
-5.26
8.47
-2.57
8.11
9.57
0.69
-6.59
-9.74
8.83
4.78
-0.20
-9.86
5.96
4.89
3.25
7.08
-1.13
-2.01
8.44
-2.30
-9.81
-9.78
-5.02
9.28
-8.57
-3.87
8.51
-0.71
-8.35
-8.10
-7.90
-3.61
-9.62
-0.47
-5.50
9.94
-9.78
-2.08
-9.80
9.04
-7.30
-0.00
9.18
8.66
-5.11
2.43
5.73
3.76
-9.57
4.18
-8.54
-9.38
4.40
-3.56
9.90
5.82
2.57
8.41
-4.89
4.23
-9.69
-2.80
-9.38
-9.32
6.73
-4.87
-9.37
6.95
3.04
-9.17
5.99
5.75
0.83
5.17
4.40
5.72
-2.39
0.14
-0.52
-1.97
-5.69
0.95
-1.35
8.71
7.39
-1.45
4.53
-0.04
-3.04
9.64
-5.81
-2.74
-3.15
-5.19
-2.05
-6.42
-0.06
-1.42
-9.48
-7.02
-0.59
6.52
8.73
-9.76
1.69
3.13
5.96
9.30
-6.73
-4.56
-2.67
-2.41
6.38
5.98
-3.70
3.77
-5.47
-9.17
-6.27
1.49
-9.53
-2.07
8.75
-2.69
2.74
-3.30
0.89
-7.32
5.28
1.41
-4.33
-5.31
-2.07
-5.60
-5.08
9.62
7.53
-9.12
8.91
-9.20
-3.68
-3.75
-1.61
-7.30
-7.77
4.68
6.47
-3.24
5.51
-9.80
8.25
5.98
-1.87
7.01
-6.71
-9.13
-6.29
4.18
-6.45
8.99
-4.40
-0.78
-6.32
3.53
3.61
-1.40
3.15
1.14
-0.52
2.06
1.94
5.79
8.31
-9.67
8.49
-9.46
5.01
4.96
-2.70
0.52
5.16
-4.44
-3.50
-6.71
-7.44
-0.21
-5.84
-3.73
-6.03
-2.29
-4.74
-0.43
6.93
-1.06
-6.90
0.54
7.54
6.25
-8.32
-2.99
-1.69
3.62
-7.19
-3.38
3.95
-8.70
-2.84
-1.05
6.26
4.46
9.47
1.42
-9.98
-4.03
4.71
-7.42
5.76
8.86
-1.14
9.73
-3.43
4.12
-0.70
-6.50
-6.95
2.40
4.04
-9.41
-1.36
5.72
-2.40
6.95
-0.66
0.41
-6.43
-6.72
1.71
0.73
2.24
-2.04
-4.81
1.71
9.38
-4.79
7.68
4.09
-2.21
3.43
2.95
6.64
3.16
9.52
0.76
-7.54
-6.98
3.82
4.85
7.06
4.41
-6.51
2.78
-7.99
-9.55
-7.89
2.42
-5.98
-4.60
-5.87
4.74
7.63
2.10
9.93
-0.66
1.48
-4.86
-2.98
-4.44
2.93
-9.55
8.51
-0.43
3.61
8.04
-9.67
6.07
-8.94
4.15
0.92
8.12
-1.45
4.41
0.90
0.57
4.86
3.01
-7.01
8.87
8.41
-2.88
3.61
6.04
9.21
3.54
-4.62
0.69
8.68
2.40
6.25
1.61
2.85
4.77
-8.82
-3.54
2.80
-8.49
-7.47
3.86
5.66
3.44
1.99
-5.79
-2.15
-7.12
4.78
-7.29
5.90
7.77
-8.42
4.30
-5.12
5.20
0.34
-5.90
-1.26
5.72
4.79
-2.58
-1.88
1.04
9.03
-9.03
-4.19
-9.79
-2.57
8.61
-8.29
-0.04
2.48
7.37
-6.60
-5.54
-8.42
1.26
-2.65
6.36
3.97
-6.76
4.13
5.55
7.55
9.01
0.75
-2.11
-6.89
9.49
-6.39
7.90
-3.09
1.74
-1.06
-4.06
2.71
4.74
-3.86
-9.86
3.36
-2.14
0.10
-4.17
-4.77
3.51
0.29
-3.19
-5.24
7.64
-6.82
8.73
-9.12
7.30
4.28
8.42
6.31
-4.97
-3.69
9.42
-5.49
-0.07
7.32
1.42
-8.34
-3.74
7.36
4.37
-9.00
-6.50
4.51
4.36
1.35
-5.39
-9.81
6.58
8.12
0.48
-6.61
-7.12
-1.89
-3.43
-8.38
-1.01
-6.13
5.90
-2.58
-9.82
-9.07
3.73
9.61
-4.56
-6.34
6.93
6.86
-4.68
-6.82
4.22
9.69
-5.82
7.71
4.20
8.54
-0.94
8.81
8.72
-4.36
6.93
-0.80
-0.97
9.81
7.32
5.60
-8.57
-3.69
9.47
7.33
3.72
9.65
8.25
-2.55
9.26
-6.31
1.11
6.18
-9.45
6.43
9.36
4.77
6.11
-6.45
2.48
0.31
-7.92
-8.45
-0.88
-9.19
-2.81
-3.95
0.01
6.22
-4.13
-2.68
1.82
-2.70
3.63
1.29
-5.38
-2.64
0.94
-7.13
4.81
0.20
-3.43
-4.08
-3.62
-2.88
-7.65
-4.25
-8.11
8.46
-0.71
4.37
-1.22
1.38
5.92
7.90
2.18
-6.89
-6.05
-7.81
9.34
-0.18
-0.48
1.16
7.12
-6.85
-7.55
-8.26
0.51
3.39
-5.39
-4.68
-6.40
1.18
1.24
-0.02
8.30
3.59
5.73
-9.81
2.06
-4.98
4.56
-9.17
6.40
0.49
8.73
-1.42
3.60
-7.31
0.78
2.93
2.51
-9.71
-5.91
-0.37
-6.56
-3.46
1.36
3.95
9.94
5.97
9.27
-6.47
-2.85
0.51
3.51
-4.55
-5.90
-0.76
-4.36
6.16
4.27
-9.80
6.99
0.66
0.69
5.72
9.25
-5.71
8.41
0.02
7.22
0.92
0.32
-8.69
-9.45
3.76
-2.15
1.91
-2.29
-2.21
-2.12
-3.02
1.33
5.04
7.49
-5.16
-9.51
-8.41
4.08
-3.87
7.74
-1.65
-3.66
4.74
9.01
7.02
0.46
8.26
-8.69
-1.13
-1.71
8.53
9.79
8.60
9.84
-9.66
2.36
-2.30
2.25
-9.93
5.49
-9.87
-2.95
-3.18
5.17
-5.47
1.66
5.66
-3.88
-4.26
-8.21
-6.14
4.09
-1.88
8.60
3.10
-4.85
-0.94
1.36
-3.54
7.93
9.64
-5.01
7.72
8.25
-5.17
8.06
0.61
2.53
0.31
0.68
-1.98
0.44
7.73
4.84
-4.39
-7.74
-3.51
-8.73
-1.62
2.23
-6.94
2.24
-3.68
1.18
0.84
9.42
6.33
9.90
0.77
-7.21
7.82
0.42
-2.22
5.54
-1.33
2.62
3.60
9.28
-4.85
-6.09
-0.04
3.17
4.35
-2.31
-1.99
9.96
-0.06
4.50
-8.77
8.32
-3.27
-5.71
0.56
3.05
5.47
-8.60
2.47
1.80
-8.70
-6.76
4.59
9.12
3.66
-7.62
4.67
-7.67
4.99
-1.73
-8.39
-9.86
2.18
1.56
3.31
-3.47
9.25
-8.68
-3.51
-0.81
5.83
-2.28
-2.48
-7.44
2.01
8.08
5.61
-2.52
9.48
-1.92
9.28
-9.22
1.33
3.87
9.90
-5.01
6.24
4.57
-2.68
1.23
-7.16
-1.08
1.38
5.02
-9.51
-5.31
-8.45
9.73
-3.99
-1.95
-1.07
-8.16
5.77
6.44
-5.60
-2.23
4.52
-9.99
5.25
4.00
-1.91
4.52
4.78
9.42
-1.61
4.68
-5.59
-5.37
-0.75
1.72
5.87
2.09
-9.35
-2.75
-2.89
-8.87
1.94
-1.34
-9.13
7.95
6.71
-0.20
9.79
2.47
-3.76
-5.81
-9.75
-9.24
-5.79
5.50
4.76
2.30
0.02
-0.46
1.72
8.41
-5.77
6.13
-6.96
3.47
-2.15
8.91
-4.44
-1.50
-3.84
2.67
-0.36
8.09
-8.67
0.50
6.05
8.04
-9.70
5.84
0.52
-3.46
-9.97
0.76
-2.70
-5.76
-3.74
-7.94
6.54
6.28
1.61
-1.74
4.69
5.83
-5.61
7.74
-0.69
2.24
6.65
4.87
-9.26
-7.20
-2.46
0.38
-9.10
-1.12
-9.12
6.94
-3.08
-8.82
2.78
7.43
-2.28
2.81
-1.80
5.02
7.05
4.46
7.09
3.59
0.74
-1.31
-8.15
-4.57
-5.48
-3.76
-6.83
3.83
8.48
9.81
-1.31
9.22
-7.38
6.24
-0.40
-6.48
-4.89
0.49
-9.54
2.03
1.67
3.24
-0.54
9.40
-3.95
7.66
4.42
-6.90
2.11
1.50
6.69
-7.15
-9.80
8.53
-1.72
-5.28
-5.23
1.45
8.54
-6.75
1.26
-2.76
-7.53
3.88
-6.53
2.07
7.40
-1.42
-7.44
7.86
-9.39
4.23
1.10
0.07
3.63
7.15
-2.27
-1.95
-9.75
9.84
9.55
6.93
-7.30
9.75
5.47
0.98
-5.54
-9.76
-7.57
-6.99
-6.51
3.70
0.24
-4.04
-2.42
3.72
8.03
-5.02
-7.70
-9.41
-7.16
-7.09
4.82
3.93
2.99
-1.55
1.08
-9.28
6.50
1.33
-9.44
6.05
-1.74
-6.74
5.79
-6.27
4.24
-9.75
-6.03
6.67
-6.74
-2.54
0.37
3.50
3.42
7.95
-2.78
1.45
-7.08
-0.48
2.04
-4.24
2.44
-3.13
9.69
-4.57
5.32
0.77
-3.86
1.81
-7.91
-3.30
-2.14
0.35
-0.04
-6.35
4.08
-5.80
-6.10
8.05
-9.13
-2.84
-4.49
1.24
-9.33
8.92
-0.81
-2.11
0.37
2.11
7.41
-7.58
7.87
-0.15
-0.72
7.56
5.28
-5.40
-1.67
-8.58
6.42
0.42
-1.88
-5.73
-9.22
8.09
-2.08
4.86
-7.71
1.83
2.91
-6.84
8.99
8.42
4.40
9.66
7.35
-6.41
-2.45
-2.28
5.70
-5.04
0.14
3.57
4.81
9.42
1.13
0.09
-5.97
9.46
1.51
-9.56
-0.11
9.64
-5.29
0.66
7.73
2.64
-4.47
-9.98
-5.54
8.44
-6.82
-6.55
6.86
7.58
-6.89
4.21
-8.83
0.66
-8.07
6.87
5.62
2.06
0.44
0.43
1.49
-8.43
-9.48
5.51
-8.97
2.04
5.95
0.92
1.68
-9.33
-8.42
-0.60
3.31
-2.89
-0.58
7.77
-4.45
2.60
-8.77
-7.59
0.18
-5.66
6.61
1.35
4.99
8.54
-1.78
0.61
0.60
8.66
-8.96
-7.91
-9.77
-8.44
7.60
-8.74
3.60
3.56
2.17
-4.73
4.23
3.75
4.68
-2.47
-9.14
-5.91
-4.70
-3.59
6.69
-3.47
-1.19
-3.13
0.87
-4.58
8.21
-4.14
-6.04
-3.57
6.47
4.56
-4.92
7.51
6.65
-4.69
9.07
4.26
-3.44
2.67
-2.19
8.74
7.94
-7.96
2.49
2.62
-0.43
3.35
6.71
4.87
9.76
3.40
-8.59
-1.43
-9.73
2.27
3.99
8.48
8.13
7.95
-5.09
4.60
2.51
-0.01
2.10
-0.83
5.30
1.17
-6.58
-8.14
-6.16
1.23
-9.40
-8.22
3.27
3.09
4.39
-7.16
-3.56
1.10
7.72
-3.81
-5.49
9.12
4.76
-5.23
1.39
-1.25
-6.75
-0.48
-3.30
-1.84
-5.88
9.22
8.15
6.22
-1.62
3.45
-2.61
1.80
5.32
1.23
-6.96
5.92
3.00
6.31
-0.99
-2.60
9.15
5.44
8.50
6.87
-8.36
-6.99
5.99
6.40
-2.22
-2.62
-4.85
1.03
6.90
1.85
9.20
-8.98
1.07
7.35
7.24
9.45
0.80
-5.37
1.25
-3.88
5.86
4.29
-7.97
-1.14
0.60
1.04
6.26
-0.25
-3.52
4.76
-3.39
-1.88
7.77
-7.40
-5.48
-4.45
-0.02
-0.33
6.58
-3.12
-8.47
5.78
-2.10
2.59
3.13
-4.86
2.04
-6.07
-0.22
-6.71
0.05
-4.36
7.58
2.08
4.50
-1.82
-6.88
0.76
7.92
-0.39
-4.48
-5.46
7.73
-6.71
-2.87
-7.75
-1.17
7.11
1.92
-4.58
-6.01
3.45
-8.80
1.89
-3.96
4.33
7.04
8.08
8.26
-3.19
-8.62
-1.69
2.45
8.96
-9.61
-3.05
-2.86
-6.49
7.71
-4.94
3.12
-6.78
-0.40
0.85
-3.49
6.73
3.10
5.34
3.84
-4.97
-9.24
7.83
8.48
-8.05
-0.27
-5.48
6.28
-3.24
-7.40
4.54
3.57
-6.02
-7.15
-3.98
-7.06
-6.76
2.97
0.08
-3.25
0.68
5.14
9.87
3.90
-5.26
0.72
-9.59
-8.53
-6.17
5.76
5.31
-1.15
6.51
3.15
-2.67
8.47
-7.13
1.85
4.75
-0.37
4.46
-0.71
-6.79
8.44
2.13
-0.77
-8.62
5.37
-7.80
1.46
-7.88
2.87
-3.40
-8.01
-3.22
1.34
2.72
-2.81
2.81
6.54
-7.06
-1.88
-4.60
9.46
-8.73
2.73
7.93
-5.86
-5.42
2.68
3.77
9.04
-8.04
6.97
7.47
4.09
-3.80
8.85
-0.54
-1.60
0.31
1.58
-8.73
6.90
3.58
-1.95
-1.76
-3.71
5.24
-8.96
-7.16
8.18
-0.84
-1.77
7.64
0.43
-9.04
5.56
4.57
-4.46
-1.76
-1.67
-5.42
0.20
-4.69
-7.95
-5.71
1.51
-9.10
3.76
9.91
1.20
-4.66
-8.82
-1.90
8.92
-0.77
6.34
-4.79
-5.53
7.39
-1.95
-7.35
-3.45
6.28
-9.72
6.98
7.24
5.84
1.54
-7.22
-5.92
9.88
-2.65
4.28
-4.81
-0.60
8.57
6.70
0.30
2.33
6.61
-8.50
7.67
7.79
-0.40
6.59
-2.98
-4.05
-8.20
1.48
-6.67
-0.15
4.13
-0.12
-3.87
4.41
-3.14
-6.63
0.25
8.40
-3.85
4.33
8.28
3.50
-1.39
-6.53
-7.09
-2.81
-9.84
3.20
9.52
6.77
4.70
7.19
4.56
-5.69
3.78
-8.42
0.25
5.58
3.06
3.58
-4.57
-2.81
-6.54
1.56
-8.40
0.32
4.93
1.86
-1.27
-8.92
-3.81
-2.99
4.59
4.80
0.48
7.49
-8.01
0.64
0.70
-8.50
-2.59
-4.60
8.69
-8.03
-0.29
2.47
-6.46
9.96
-1.95
6.60
3.54
3.49
-6.21
7.01
-4.95
-4.61
-2.67
9.99
7.25
6.06
-8.93
-6.56
-6.93
5.66
8.24
3.54
3.15
-9.77
-5.82
-6.15
-8.27
1.59
-0.75
-9.58
3.55
8.96
2.89
7.10
8.91
-9.06
3.70
2.46
4.43
7.49
-0.54
9.48
-7.12
6.79
9.47
-9.87
2.85
-9.46
-6.43
5.91
6.20
-8.19
-0.55
-0.65
-7.96
3.63
3.20
-6.24
-4.78
-7.55
-5.82
8.78
-8.60
7.07
5.87
-9.68
8.02
-0.43
2.77
2.45
-2.94
-7.77
1.93
-0.06
9.02
1.41
0.07
1.87
1.95
3.65
-2.21
-1.86
5.46
7.24
7.49
7.49
0.87
0.69
-8.74
6.10
3.13
-4.56
4.87
4.54
-7.49
0.75
4.85
-9.47
-9.68
-2.37
2.98
-2.63
-0.14
-5.08
7.31
-1.11
6.32
-2.61
-9.24
-1.73
-8.97
-1.46
6.41
6.49
-4.22
3.90
3.98
6.66
-5.41
5.24
2.76
7.72
-9.32
-2.37
2.25
-6.81
8.38
-2.89
-6.28
8.69
4.73
6.70
-3.93
-5.41
-8.38
-6.62
3.48
7.94
0.77
4.24
-3.79
1.80
-7.22
-7.38
-1.71
-1.44
6.52
-7.73
-4.78
-8.90
7.51
7.98
8.82
8.19
-4.39
1.08
-8.62
-6.02
8.18
-4.89
-7.32
2.92
-8.19
-1.26
7.51
-6.57
2.12
0.99
-8.63
-7.11
-4.77
-2.42
4.69
-1.99
0.20
-7.01
6.57
-3.28
-4.74
-8.20
-2.17
-7.23
9.77
-3.35
-9.04
-4.62
7.73
-7.65
-0.63
5.91
-2.55
2.04
-1.17
-0.74
-9.22
-3.66
2.69
2.91
7.33
4.07
5.80
-7.44
-8.35
0.49
0.57
1.86
3.48
-2.85
8.58
8.74
-1.06
-3.59
-8.49
-1.28
3.06
-7.52
4.10
0.78
-5.18
-6.53
-3.31
2.28
5.51
5.52
-8.46
6.29
-8.14
4.23
-0.80
9.19
-1.70
-5.00
-8.25
-0.05
5.49
2.33
-8.19
-1.04
9.47
-9.61
-2.30
-1.58
-3.21
-0.79
7.14
9.85
1.69
1.24
0.63
6.51
4.70
7.32
-1.21
0.21
2.84
0.32
-3.49
4.70
-5.44
5.71
3.89
2.85
-9.29
5.65
-7.20
6.19
-2.03
-5.39
-4.84
-2.55
-5.00
2.86
5.86
1.79
-7.93
3.00
1.64
3.76
-5.77
-7.73
0.27
8.94
9.59
9.06
-0.85
2.43
-0.61
5.66
-2.87
3.94
1.37
-8.98
-3.21
2.08
6.67
-0.40
-1.73
-5.36
4.21
3.43
2.09
9.21
-3.71
-2.05
1.00
-1.63
-9.05
-7.36
-7.87
-4.82
-5.09
2.40
-5.88
-5.50
1.47
3.27
6.94
-9.15
-1.06
-5.93
4.79
-9.69
-4.91
-8.41
2.39
-8.24
1.18
-9.34
-3.60
-4.61
4.09
8.49
-5.40
-9.62
-3.56
5.60
-1.25
-2.61
8.24
0.88
2.57
-6.85
-6.71
6.69
-2.35
4.75
-0.03
-5.41
5.60
8.90
-1.34
0.39
9.21
3.75
1.98
1.60
5.51
-6.83
2.25
-8.08
-1.44
-3.66
-9.59
3.16
-3.27
-3.15
-1.23
5.48
4.24
-2.99
-3.64
-3.19
0.16
-0.35
-6.50
7.81
-5.60
3.47
-7.60
-10.00
2.37
1.06
0.40
1.58
-5.19
-7.62
-6.82
-9.68
-4.45
5.43
-7.76
4.11
-8.22
-7.36
-2.73
-1.49
-0.51
6.04
-6.01
-6.27
-6.96
0.35
0.54
3.20
-10.00
4.04
1.02
-5.60
-2.49
3.42
-5.59
9.88
-5.52
4.81
1.46
-0.71
7.19
4.64
-0.38
-7.26
0.07
1.85
6.84
1.85
4.50
-5.89
-9.65
-6.01
-9.85
-5.66
-2.28
-6.81
4.69
8.25
6.40
4.69
2.29
-2.59
9.10
9.80
-9.16
-6.49
9.68
-4.68
8.31
1.15
4.61
5.50
-4.21
-5.77
8.24
5.86
6.08
5.08
-2.29
0.58
9.20
-1.94
4.56
9.35
2.40
-7.72
-7.46
-2.90
-9.47
8.94
-8.21
2.83
-3.65
-9.11
2.63
-2.81
-5.61
2.31
2.50
-7.29
-6.54
-2.88
8.21
-0.75
1.34
6.45
-4.90
-2.58
1.53
2.81
8.00
0.72
-9.13
2.57
0.07
3.28
4.85
2.61
-9.63
5.38
1.55
-7.84
-1.79
7.90
-6.95
-9.16
-4.91
-2.56
3.15
7.59
0.15
6.61
-5.29
-1.64
-4.15
6.05
-5.20
0.96
-6.53
6.33
-6.23
-8.53
-2.94
-5.36
4.04
7.13
7.92
-1.12
-0.26
8.29
-5.74
-8.72
-9.55
2.47
9.18
-6.50
3.31
-5.73
0.95
-3.54
-8.14
-8.90
-6.93
-3.44
-0.55
-1.08
-7.39
4.26
9.88
-3.91
0.59
-6.35
-2.44
7.65
-1.71
-8.40
4.77
-3.79
0.48
-5.49
-5.50
4.74
-4.21
-5.04
-2.78
-5.03
-1.54
-9.47
-0.76
9.41
-3.01
1.10
-9.49
0.05
7.67
-0.04
8.97
-9.72
-5.78
8.85
-3.64
4.81
-7.50
3.92
2.45
0.79
5.52
-2.77
7.00
-4.00
1.73
-8.50
-9.26
7.52
-3.54
-2.04
-7.50
4.93
-1.51
1.74
4.34
5.47
-7.16
4.84
-4.47
-9.49
-5.20
-5.50
-9.21
-0.98
-6.64
-2.85
-6.17
-4.15
-8.93
6.28
6.64
6.59
-6.49
3.64
-7.42
5.24
5.15
-6.68
2.76
-8.39
1.28
5.26
6.54
9.77
-3.00
0.87
5.24
-0.16
-4.29
-9.23
0.35
0.51
-4.72
1.13
9.53
-1.37
8.28
-6.64
4.49
9.35
9.64
1.13
5.94
-6.86
-5.22
8.52
8.38
9.92
-8.15
1.14
-8.46
3.13
-3.60
8.07
2.90
3.40
-1.06
-1.86
-6.77
4.66
-1.09
3.58
-4.83
4.19
-5.29
-5.30
-7.18
-7.01
-1.94
7.31
-7.66
-2.30
-1.56
8.28
0.84
3.21
6.81
-0.78
3.13
8.65
-9.64
4.67
1.78
-3.24
2.74
-5.32
-9.84
-8.32
2.82
-6.61
6.34
-8.26
6.97
-8.49
5.92
-8.31
-3.79
8.74
-5.32
4.27
6.05
-2.98
-8.04
-5.52
-4.69
2.80
7.70
-7.89
-7.97
0.83
-9.23
-7.61
-4.50
2.55
-0.85
8.24
7.23
-0.69
9.92
0.06
2.70
6.27
1.79
-0.32
7.77
-2.28
1.36
-6.02
-3.54
6.04
8.25
-7.49
-6.94
-9.79
-3.00
-1.63
3.02
-5.31
0.48
5.04
5.52
1.25
7.43
-8.98
-6.20
-3.42
9.26
-8.97
5.89
9.18
1.09
-1.40
5.45
-7.12
8.27
3.22
0.60
-0.36
7.21
7.06
-4.32
5.46
9.57
-1.26
5.67
-3.44
7.11
-1.31
1.25
-2.40
-6.27
-3.23
8.85
-8.84
-2.21
-7.35
-2.25
-2.95
-6.32
-6.36
-3.76
4.76
2.23
-8.31
7.64
0.51
4.91
-1.76
-9.86
2.12
-4.70
-4.18
-2.42
-5.14
4.56
-6.75
1.43
1.67
1.94
-7.32
9.27
5.67
-0.55
8.12
6.83
7.25
-9.24
-5.42
-5.70
-5.56
-1.78
0.54
9.20
-9.55
2.22
6.85
0.96
-2.87
-4.92
1.10
9.25
0.38
6.92
-3.17
5.25
1.48
0.08
-3.33
-6.84
-7.98
-0.65
-7.57
7.69
8.81
-9.46
4.52
6.06
-8.69
9.10
-9.64
-4.25
-2.68
0.89
-5.05
-2.23
-6.88
-8.20
8.73
0.25
-3.12
-0.17
-0.50
7.26
-3.25
6.33
2.51
8.23
-3.59
9.18
-8.62
-1.58
-1.47
-6.19
-3.89
-2.66
-5.65
-9.37
-6.60
-4.34
9.73
-6.25
1.41
-2.95
4.64
6.35
4.82
7.76
8.15
3.55
-1.99
-4.97
-6.63
7.51
-7.71
0.12
3.84
4.80
-1.66
-9.76
3.98
-0.27
-1.33
-7.49
3.54
4.78
-0.14
7.89
5.41
3.25
-6.45
5.14
7.00
4.95
-7.81
1.65
1.31
7.01
-0.59
-0.54
0.55
7.42
4.49
3.93
4.93
6.78
-5.96
-1.23
1.58
2.39
-0.99
-4.44
-7.88
7.68
-1.92
5.65
2.45
7.93
3.54
-2.14
1.19
7.09
-7.00
-1.81
2.05
-4.81
9.84
-6.65
-7.80
-0.75
2.81
2.75
-3.33
-2.70
-3.32
-8.40
-5.91
0.72
0.37
5.67
-6.89
9.38
-8.76
-4.77
7.05
-0.68
-9.12
-0.49
-2.75
4.42
7.37
8.44
1.52
-9.63
-3.37
-6.44
-4.44
-3.53
-3.08
-2.24
5.72
9.73
-9.48
-7.60
-2.96
-2.80
-6.01
1.12
7.92
4.36
-3.20
-8.97
3.74
-1.97
-3.74
0.79
7.35
-2.85
-9.70
-5.40
-8.43
7.67
-6.96
3.09
8.04
-0.33
6.65
-6.40
6.14
-6.44
1.36
1.87
-6.70
1.88
4.26
0.33
9.08
8.26
-8.54
7.00
2.62
-1.75
8.03
-3.64
6.29
-5.70
7.15
3.64
1.44
7.45
8.24
3.01
5.12
-8.72
-3.90
3.15
0.95
-7.25
6.75
-2.90
-3.69
-1.88
8.97
-0.39
10.00
3.23
9.94
9.07
1.49
-8.61
6.07
-5.89
-0.35
4.11
0.47
-4.07
8.41
-2.38
9.57
-0.15
-4.93
7.81
-7.14
-9.82
9.10
-1.04
3.34
0.05
1.71
0.09
7.15
8.02
8.21
6.12
-2.38
8.20
-0.65
-2.44
7.27
-9.16
-1.04
3.35
-5.05
8.60
-2.54
5.42
-5.46
-4.14
-6.96
-5.89
5.71
-1.89
-8.08
8.57
-1.71
-8.98
-2.47
-8.38
1.07
9.24
1.71
-1.78
7.26
-0.08
-5.66
-5.12
-1.88
3.69
2.44
-4.60
4.53
-8.60
8.74
9.48
-10.00
-3.80
4.90
-5.46
2.06
7.94
-1.35
-2.23
-3.95
0.57
-3.65
4.34
1.60
3.88
5.96
-7.33
3.12
-2.32
0.89
0.37
7.60
5.23
5.25
-4.28
-1.08
-2.30
1.11
-6.55
-0.91
-0.14
-7.07
-0.90
6.06
7.84
3.63
-1.88
5.78
-7.72
5.90
-8.17
2.86
-7.76
6.17
-5.55
6.12
2.13
-2.88
-0.76
9.81
8.01
9.61
7.41
3.24
4.86
-6.87
-7.84
-7.44
4.24
-4.38
1.66
-5.90
-1.45
-9.25
-9.84
-3.61
4.39
-1.72
-7.83
6.67
-5.82
-6.00
-0.48
-3.58
-9.83
3.97
-7.46
2.30
-8.91
1.78
2.12
9.10
1.39
-0.48
2.35
-3.74
2.65
4.51
-1.18
-3.11
-9.88
-9.53
0.99
-1.33
-8.78
1.15
5.06
5.61
9.43
7.23
2.28
-6.39
-8.77
-8.20
0.03
-8.59
5.78
2.58
3.71
6.87
-5.64
-4.17
5.97
5.75
5.35
-1.68
-8.00
-2.00
-7.17
0.82
4.88
-7.05
1.29
-4.13
1.63
2.52
7.02
-3.31
-1.87
6.45
-6.08
-9.59
-9.93
-4.84
-7.79
0.10
-3.44
7.99
-7.32
-9.73
4.86
-2.97
-3.90
0.83
-7.22
-8.55
9.15
-5.22
-0.56
-8.02
5.60
-5.67
-5.06
-3.11
0.20
6.56
9.41
-2.78
-6.75
-2.47
-6.32
-2.82
-2.06
-6.26
2.33
0.15
3.84
8.90
-1.87
6.52
9.17
-7.01
-6.45
-4.73
3.82
-3.67
-3.29
2.97
1.11
6.15
4.95
-3.29
-9.52
9.89
3.59
0.68
6.45
3.00
7.90
9.71
-9.47
-8.43
-3.12
-1.53
-4.68
9.22
8.62
9.16
8.11
-3.25
5.67
7.28
-0.26
9.22
-7.45
-6.44
-4.45
-0.74
6.53
6.66
-4.59
1.48
-6.63
-4.11
1.37
6.96
6.57
-2.18
-0.04
4.47
-2.47
0.49
6.04
4.41
8.96
-8.64
3.63
7.58
-9.49
1.74
-5.67
6.19
-0.97
4.07
5.41
1.57
7.63
-9.03
-9.17
4.16
7.63
-3.75
-4.36
-9.01
2.14
7.00
7.95
-1.29
-5.18
-2.09
-6.82
2.35
8.40
9.22
-3.24
7.37
-9.42
-9.61
4.95
-8.91
2.13
9.28
7.28
-8.84
3.35
2.69
2.73
0.98
3.66
3.57
-4.86
1.28
9.81
0.77
2.27
1.95
-2.22
0.22
-9.34
2.60
8.13
-6.16
-5.05
6.54
-6.94
1.71
3.90
-6.37
2.10
-1.14
-5.28
-5.76
-1.86
-8.00
-4.61
-8.51
4.69
8.13
2.47
-1.65
1.69
7.61
9.63
1.50
-1.62
1.90
-6.54
6.15
-7.88
-5.88
-1.25
-9.75
-2.04
3.70
6.79
1.01
-4.58
0.70
4.65
7.52
9.55
9.37
-8.25
-2.31
-8.63
-2.85
-0.82
6.06
-4.73
-8.35
-5.59
6.96
9.26
-5.97
-1.53
-2.36
5.93
1.93
-6.21
8.05
6.04
2.54
8.31
-6.00
-3.75
5.10
5.01
1.66
-4.20
-0.34
-0.82
-4.65
-0.97
0.93
3.04
0.40
8.08
-7.78
-3.55
-6.65
-6.13
0.86
-9.69
-6.87
4.89
-1.22
0.76
0.83
-9.29
4.55
-1.12
6.75
-2.91
-2.81
-9.25
3.34
-7.71
5.76
-5.00
-1.91
-4.58
4.18
3.44
4.45
-4.89
-3.52
-5.16
-6.81
-1.30
1.30
-3.46
2.57
-7.84
-3.15
5.70
7.05
5.64
-3.54
-2.12
6.34
-8.99
6.76
3.10
-1.90
-6.05
3.85
-8.56
-3.76
-0.39
-3.56
4.33
5.03
-9.38
-2.23
-0.53
-4.26
4.25
4.32
-1.07
-7.05
-4.39
5.47
5.52
-2.23
-7.68
1.22
-5.18
7.96
7.67
2.69
4.30
8.68
-0.55
-2.60
-3.22
3.40
-8.76
-1.77
9.64
0.85
4.67
3.97
-4.12
5.29
-8.26
5.35
-8.97
5.99
-0.33
-0.04
8.94
5.28
-4.58
4.46
-6.95
-2.26
-4.32
-2.14
-4.30
-6.65
-9.44
10.00
-7.97
0.01
-2.61
-1.18
-6.60
-1.37
7.04
-6.96
9.48
1.71
7.00
-4.64
-2.99
8.74
-9.29
-1.96
4.73
0.38
8.00
3.68
-4.34
-6.58
-1.86
-1.30
1.16
3.82
6.57
6.86
7.17
7.12
6.85
9.21
-2.87
-5.75
-1.98
0.53
2.88
-4.93
3.57
2.36
6.78
0.57
7.72
-6.21
-0.68
8.43
1.83
-5.95
-1.19
-0.18
7.73
4.46
3.24
-4.13
-6.84
-5.60
9.69
9.73
-8.74
6.86
6.85
8.11
6.07
-6.02
-7.64
-5.91
4.52
5.24
-0.84
-1.91
-2.40
-4.06
8.66
-4.68
-0.27
-2.02
-6.25
-8.45
2.03
2.56
1.38
-0.24
-2.98
-5.38
5.63
0.19
-0.98
5.32
-0.08
0.28
2.18
-3.23
-1.60
-1.76
0.76
0.76
2.33
-4.73
-4.01
-8.51
3.36
3.60
-2.57
2.02
8.92
7.15
-10.00
-7.33
8.71
2.03
5.23
0.09
-8.21
-7.75
4.71
7.42
2.44
-6.27
2.74
-7.65
4.02
-5.09
-0.88
-7.59
3.15
9.88
3.17
-4.52
-4.85
9.16
-3.03
8.51
2.76
4.40
0.53
1.68
1.55
0.54
4.35
0.26
-7.43
-0.43
-9.65
-5.64
1.83
5.06
-8.22
-5.74
8.79
4.52
-3.38
2.81
9.43
5.74
5.22
2.59
5.62
-1.61
8.07
-9.22
-2.45
-4.95
9.29
-9.69
9.45
-0.18
1.99
1.00
-9.64
-3.67
-8.73
-7.07
5.91
-8.38
-2.71
-2.26
6.67
-0.93
2.00
5.46
-6.40
8.61
-1.73
-6.97
4.35
-6.51
5.62
-0.02
1.88
3.69
0.75
9.43
8.74
0.04
9.75
8.18
9.87
1.73
-0.81
-9.77
8.07
0.45
-6.84
3.98
2.07
0.45
-8.29
-1.26
9.52
3.71
-5.79
-6.89
2.33
2.48
-3.86
-3.32
5.97
-8.24
6.66
-2.15
5.45
-2.59
-2.72
4.19
7.45
-2.97
2.37
7.32
8.76
-8.44
7.55
6.83
2.01
-9.30
0.81
-5.92
1.15
2.53
2.82
0.67
-3.76
7.02
3.78
8.56
-0.50
9.92
-4.75
-4.53
-8.31
-8.10
3.31
7.14
-0.69
-9.40
1.33
-3.23
-2.38
-6.30
-5.92
-3.61
-4.74
-8.37
-6.78
7.27
-7.67
4.03
-8.66
3.48
-3.45
4.16
-5.86
2.79
1.18
7.92
1.36
-9.32
7.85
6.60
-3.85
9.53
8.50
9.46
6.67
-2.18
-9.94
-2.00
4.58
-2.32
1.70
8.67
4.07
6.95
-9.70
7.28
4.22
-7.37
1.31
5.56
6.11
7.86
-0.28
-9.75
0.66
-9.10
8.17
-7.99
-8.42
6.01
8.61
-2.28
5.55
7.12
-2.81
2.22
-5.06
-2.76
-9.79
9.52
4.93
1.91
8.19
-1.01
-1.14
8.49
-3.72
-6.92
-8.88
7.59
8.64
7.23
5.45
-1.65
7.47
-3.89
-0.75
5.64
-1.88
0.83
1.66
-3.27
8.55
-2.80
-6.15
-4.26
9.42
-1.22
2.98
9.63
-1.70
-2.09
1.54
-3.51
6.90
-9.60
-5.02
-6.83
-6.52
-3.90
-9.24
-7.89
-6.67
6.21
0.47
-9.20
-7.68
9.71
6.44
0.44
0.54
-1.90
7.17
-0.91
5.30
-8.99
4.83
4.72
-0.20
-2.19
4.35
8.10
5.71
-4.11
-5.41
2.61
-3.71
-0.42
5.79
-0.23
5.68
6.55
1.89
9.01
2.76
-7.65
9.81
5.08
-7.93
6.25
-4.48
2.61
-5.65
-7.32
-8.31
9.65
-6.30
6.52
4.37
3.49
-5.67
-1.28
1.59
-9.96
4.61
6.19
2.66
-9.10
-4.23
-1.56
0.67
-8.55
-5.01
-7.44
-9.54
7.76
-5.09
-9.73
2.84
-3.02
6.52
8.35
9.58
-9.13
-8.96
-8.72
-9.48
-5.27
7.80
4.89
8.23
-7.88
-6.39
-0.18
-7.83
8.22
-3.99
4.82
9.12
1.77
-6.73
-0.21
3.22
-1.74
2.35
3.68
-3.98
7.26
3.95
8.86
-5.77
0.47
7.21
-6.19
1.34
8.25
-4.91
1.87
-7.02
-7.12
-3.24
-8.79
-4.99
0.37
1.03
-2.82
-1.42
7.04
-8.00
-2.30
-1.19
-4.73
7.49
-7.97
3.53
-0.16
5.71
9.55
-2.91
-0.35
8.41
1.33
-9.88
5.62
5.14
1.47
3.87
-9.77
-6.66
6.85
-6.89
0.09
8.06
-1.88
-9.54
-0.91
5.30
-0.96
-3.87
7.30
6.74
4.94
-7.43
4.23
6.97
6.10
-5.93
2.67
5.66
1.16
-7.67
4.07
-7.51
-7.55
-0.31
7.63
3.92
-6.45
7.86
7.25
-9.59
-9.03
-2.65
8.47
-0.91
-2.19
-2.44
-5.61
6.85
3.68
-8.31
3.59
-1.38
-5.74
-2.18
-4.41
-9.64
1.89
8.26
6.02
-6.95
-9.41
0.08
-4.46
-6.96
9.77
-6.83
6.95
-6.68
-8.98
4.20
-6.27
-8.01
-8.45
-7.81
1.08
-0.65
-0.25
5.47
-3.80
-6.57
7.16
9.80
2.06
-8.58
-2.38
7.64
-8.22
9.51
5.90
7.80
-7.44
6.49
-2.12
-1.90
9.53
-2.35
1.26
6.48
0.97
2.28
0.68
4.70
4.28
2.23
6.90
-4.64
-8.41
-3.35
-9.17
-2.21
0.08
7.98
-2.42
-7.86
9.40
5.20
9.78
-8.82
4.71
5.68
8.98
7.27
2.17
-3.14
-4.63
1.70
4.51
6.63
-1.82
-4.52
-1.09
8.87
-9.82
-6.81
1.10
7.08
-1.46
2.69
-6.28
-0.63
-9.53
3.81
-2.65
-1.94
5.94
-3.25
-6.74
5.72
-2.07
7.97
1.40
-3.09
5.24
-6.42
3.77
-9.39
5.28
-1.73
7.23
-6.54
3.75
-3.85
-7.67
3.93
-0.67
3.43
1.01
7.88
-3.88
4.73
-2.75
-3.41
-1.46
4.60
4.65
-5.52
-8.65
7.91
-9.80
-0.71
5.88
1.60
6.20
1.13
5.18
-0.04
1.73
0.46
8.23
-1.03
3.93
1.98
5.11
6.26
-4.08
-5.55
-0.31
6.93
-7.67
5.80
1.66
-0.43
-7.61
-9.80
-5.83
7.04
-5.32
-4.47
4.96
-5.11
4.81
0.84
6.49
1.01
-8.03
1.67
-9.03
3.70
-7.86
9.20
-7.34
6.07
1.19
7.78
2.33
7.10
-7.78
-7.98
4.03
-5.45
7.82
-4.31
4.12
-9.78
-4.10
8.30
7.26
0.58
-6.18
2.22
5.47
8.64
-6.94
1.96
-0.36
-4.98
-6.37
0.61
8.72
-4.23
-0.18
-8.62
-8.16
-9.00
9.16
4.17
8.11
-8.62
6.18
2.14
-4.07
4.01
7.83
-9.95
4.22
-6.27
8.35
1.48
4.31
-7.83
-6.30
-0.22
-9.19
-3.24
-8.26
0.46
1.78
-4.62
-8.93
0.49
1.15
0.88
1.88
2.99
1.89
1.03
-2.84
-0.01
2.41
-6.66
-7.87
8.34
7.35
9.97
8.40
1.57
-6.30
6.75
-6.94
8.01
8.92
-3.24
-2.20
9.73
3.51
-0.46
0.19
-4.71
4.92
1.26
5.78
-3.93
-7.86
-2.34
9.06
4.03
8.69
-3.79
-5.98
1.10
-0.44
-3.84
-0.55
-3.09
-3.88
-2.15
8.48
-0.18
-5.41
-8.46
-2.17
-6.48
-1.71
5.63
-6.75
-8.20
-4.83
3.44
-2.91
-9.92
-5.30
-7.13
-3.85
-3.16
0.53
-4.80
-9.13
-0.78
1.42
-5.11
-9.67
-9.03
1.05
-0.23
-2.12
7.17
7.62
-3.64
-3.01
-7.78
-2.10
4.82
-4.27
6.19
0.45
-1.01
7.99
5.62
-7.57
-4.92
5.70
-2.87
-2.05
-8.15
3.98
8.49
-2.95
4.85
-2.29
8.46
9.74
-1.96
9.44
0.79
7.81
-2.68
-2.04
5.43
3.68
4.96
7.65
-8.42
-0.22
-6.62
7.77
-9.77
2.37
5.76
5.85
4.80
-9.16
1.55
-8.07
-1.21
3.40
5.91
-2.72
-9.56
0.76
4.99
8.91
0.50
-6.98
8.34
-8.71
-9.16
-4.34
-0.74
6.27
9.34
-5.79
3.91
-9.08
3.99
7.30
8.69
4.23
-0.34
4.44
0.08
-5.53
5.28
-8.37
-3.60
-5.92
5.02
-7.69
1.35
5.46
3.06
-3.66
4.37
-6.44
-0.63
2.72
-5.14
0.20
8.38
4.12
-3.53
7.72
8.33
-9.62
8.64
2.32
7.68
7.33
-3.45
-2.66
1.77
6.63
1.81
-2.95
8.25
8.21
1.13
3.27
-9.48
-7.52
-1.26
3.58
-1.17
-6.89
7.14
8.19
5.83
-8.00
-1.60
4.21
6.12
4.87
1.93
4.45
5.25
0.57
-3.23
2.93
-2.10
3.32
-9.73
9.67
-0.06
2.08
-3.27
-1.81
0.29
7.86
-8.53
0.81
-9.66
0.21
-5.61
-0.83
3.32
-8.47
-2.64
-0.85
-6.47
5.76
-6.65
9.65
0.62
5.28
4.09
-4.13
-4.15
-9.14
8.80
3.76
4.18
9.07
3.43
-5.88
1.16
-9.84
2.32
-8.55
8.01
3.79
2.25
8.35
-6.01
6.64
-2.48
7.31
8.17
4.88
-3.54
-8.30
0.63
-0.18
-8.65
-8.75
-4.90
5.45
-2.87
0.95
6.31
-4.07
-5.29
0.49
-5.00
8.14
4.61
6.16
8.29
-3.07
7.60
6.31
-9.29
-0.14
4.66
-5.29
-3.50
-7.83
-7.98
-5.33
7.05
-1.52
-3.63
-2.32
8.30
-2.28
-1.06
-6.60
-6.83
6.06
4.35
9.48
-8.01
9.06
-0.03
-3.01
7.20
-5.42
-6.86
5.49
1.51
-9.25
1.80
2.22
0.61
-3.54
6.93
7.11
-1.37
8.95
-8.22
-4.32
-2.57
-1.85
3.37
-4.27
5.87
-7.69
-0.87
9.04
8.37
-6.52
8.52
-9.64
-7.45
-1.51
-2.65
9.75
3.07
0.49
5.24
-5.43
1.24
-2.96
6.79
-8.15
3.50
3.72
8.95
-7.87
2.67
-9.27
-2.18
-9.90
-1.12
-8.81
-4.17
-5.25
-6.51
4.96
-6.21
-8.14
8.45
-7.68
-7.78
-9.01
0.81
-0.43
-9.26
-6.12
-9.94
5.99
-1.55
1.30
-6.97
-4.76
3.14
6.53
8.96
2.10
8.66
1.63
2.83
-3.52
1.73
-8.29
-2.33
7.56
-3.54
1.16
2.52
0.25
3.02
0.97
2.57
5.25
1.97
-6.62
-5.19
2.71
-2.74
-5.13
-1.31
5.71
6.17
1.72
-9.05
-0.69
-1.75
9.92
-8.59
-3.08
1.55
4.23
3.40
-6.72
5.94
-8.93
-9.16
-7.60
2.23
3.36
2.65
-4.74
-5.67
-4.78
-9.50
6.30
-1.40
-4.68
-0.99
5.86
0.18
7.70
1.57
-3.65
-0.57
2.52
5.66
7.68
2.44
7.06
-5.40
-6.02
1.30
8.00
-2.74
-2.76
9.08
-1.90
-0.36
1.31
-8.54
-7.71
6.57
-4.21
-2.49
7.07
-7.91
6.11
-7.61
1.10
1.97
2.57
-1.19
-6.46
8.92
8.24
6.06
4.58
5.92
-1.51
1.65
-9.48
2.48
-7.06
8.53
9.74
0.18
7.60
-2.16
9.81
-1.09
-0.70
-7.90
-4.52
5.09
-0.39
-7.44
7.18
-4.28
-5.05
-1.71
7.69
7.52
7.10
-8.78
6.44
5.34
7.28
1.02
1.26
-4.23
-7.33
1.78
8.25
-4.39
0.31
7.99
5.79
-2.09
-4.18
5.61
6.83
5.12
7.71
-7.69
0.21
-2.68
-5.13
-2.61
3.04
-0.19
5.68
0.73
-2.67
2.78
1.95
-6.23
-1.88
-0.77
4.80
9.38
5.01
7.47
1.16
3.25
-6.92
-8.53
1.24
8.87
-0.62
7.06
4.48
-3.80
2.18
2.19
-1.49
-7.61
9.50
3.38
-0.22
2.54
-6.81
-4.54
-6.73
0.52
8.24
5.23
4.30
-3.65
-5.54
-0.91
-4.27
9.46
-3.44
6.89
2.72
-0.36
8.35
-6.04
-1.48
-2.27
-8.98
-7.01
3.93
3.20
5.18
-7.55
5.59
4.69
5.82
-4.64
-2.77
9.02
0.82
0.50
-0.46
-0.94
-4.27
-6.17
5.41
0.19
2.93
-8.86
-0.35
9.49
8.02
-7.63
-0.87
6.37
-3.67
7.65
-5.90
-2.65
-9.35
8.04
-9.45
5.83
-9.52
6.14
0.51
6.31
-8.50
7.74
5.32
2.32
-1.76
-5.14
-8.62
3.97
-1.31
6.79
-5.84
-8.38
7.93
3.81
-8.89
5.95
6.18
0.24
2.32
-7.49
-2.10
6.43
-0.14
-1.46
4.46
0.41
-5.63
4.94
-3.45
4.88
1.25
-1.95
2.62
-3.43
-9.62
-9.13
1.43
-8.24
4.84
-9.88
8.55
8.99
-8.26
6.47
2.80
-7.15
2.42
-1.02
3.10
-5.26
1.48
-9.01
-8.83
-8.66
-0.46
5.63
1.75
3.90
0.58
8.31
-1.21
-8.17
-3.64
-8.59
-1.60
-3.26
-7.72
9.83
-1.50
7.12
9.96
-2.96
6.11
-8.30
-6.48
-1.09
-5.44
5.94
7.89
7.66
-9.32
-0.63
8.65
-8.15
0.71
-1.81
7.48
-7.53
-7.91
-1.94
-9.23
0.88
-0.11
-2.86
2.29
8.29
3.87
4.56
8.13
-7.63
1.68
8.09
-0.59
-2.21
9.79
2.93
6.70
-5.65
-1.13
4.58
-8.00
-0.45
-6.04
-9.34
1.40
4.67
-1.16
-1.11
7.13
0.93
6.95
7.91
-8.19
-3.16
-4.96
4.09
-4.87
8.92
-1.34
-6.75
-8.71
-9.67
-8.66
0.70
-1.88
-8.87
-6.37
-5.18
-4.52
2.50
9.40
-2.52
-7.95
-6.64
-1.86
3.45
8.03
6.98
-7.66
5.16
-2.09
9.29
3.07
-0.28
-3.88
