0.22
2.41
-6.88
-9.61
-3.74
2.32
0.42
-3.92
-5.74
2.94
9.05
2.88
-8.80
5.25
-2.71
-3.43
-7.04
-3.72
-3.56
1.85
-6.06
-5.83
4.28
5.55
9.05
-8.81
-1.20
-3.45
-2.60
9.58
-9.47
7.61
1.99
-6.35
8.00
8.25
5.98
-1.58
-5.68
-9.76
-8.64
-6.63
3.12
-7.44
8.62
-9.59
-0.88
-8.41
-3.31
5.57
3.44
0.63
9.73
-2.28
-3.83
8.78
-1.09
4.97
-4.67
6.31
4.55
-4.14
3.92
-3.46
-0.48
1.92
-5.21
-4.51
-9.66
-0.89
-4.27
-8.30
2.48
8.85
-5.75
1.11
9.26
3.38
2.70
-4.05
-1.06
-3.86
6.58
-1.32
3.86
-7.25
-2.54
-7.23
7.72
2.79
9.08
2.27
8.66
3.00
8.81
-1.83
-5.08
-6.40
3.67
-4.73
2.71
9.39
-3.03
-4.81
8.24
1.22
6.30
7.50
-5.40
-1.01
-6.55
3.54
5.13
-9.97
-7.78
-1.01
-7.22
-0.32
1.76
-9.50
-7.53
0.84
2.77
-8.87
-6.16
1.58
-0.70
-1.23
5.18
-7.04
4.03
-2.11
-7.64
-9.00
3.08
-9.40
2.22
-0.62
8.10
6.82
8.37
-8.45
0.36
3.50
-8.42
2.58
-7.50
-5.64
-7.74
4.26
