-3.56
9.43
8.17
-7.93
1.25
-3.70
7.65
-1.74
-9.58
-4.83
2.74
4.50
3.77
-4.97
4.22
-8.68
2.10
-3.15
9.99
-6.50
-8.39
-0.07
-8.46
6.78
-3.50
-6.46
8.76
-8.91
2.82
-0.86
4.92
9.25
-1.43
3.10
-8.68
9.83
9.39
8.97
-1.91
9.82
-5.86
-9.17
4.32
7.91
-4.14
-1.47
9.23
7.96
5.38
9.21
-8.54
6.99
-0.85
-7.00
3.77
5.65
-3.46
2.54
6.74
9.36
-8.32
1.66
8.61
0.26
-5.24
9.93
0.08
-5.85
8.90
8.18
-6.03
-6.95
9.00
8.29
-9.04
-5.14
-3.18
-9.81
-7.18
-7.80
9.40
-5.72
9.19
-1.45
-2.72
2.96
-5.80
3.83
-4.50
-9.06
3.18
-2.82
2.61
1.80
7.44
7.37
1.73
-2.48
-8.48
0.63
-4.30
-4.51
3.68
-5.30
-6.22
4.64
-0.44
0.60
4.83
2.38
2.80
4.23
6.66
1.99
-7.22
-6.06
-5.05
-3.02
7.76
0.45
-2.08
0.95
7.64
-9.47
-7.25
5.07
7.90
4.47
-7.41
9.42
-4.89
-1.71
-5.09
8.79
2.99
-1.31
3.43
-7.45
9.28
-1.75
4.92
2.08
-7.52
1.58
-5.93
-4.74
5.52
-0.98
2.24
3.29
9.47
-9.84
-5.76
7.11
-9.31
-3.02
2.18
8.59
-8.55
4.77
8.00
-3.44
-6.94
-7.09
-4.65
6.05
1.60
8.77
8.60
0.88
-2.98
3.52
-7.04
-0.50
-4.89
-2.98
4.76
-9.37
6.04
-3.01
3.91
5.52
-2.85
8.15
2.62
-2.16
-4.87
-5.20
-3.57
-3.42
9.58
-5.57
3.14
-7.36
-2.66
8.49
8.70
8.94
7.26
7.30
-0.18
-5.72
0.82
2.77
3.79
5.93
9.80
-1.46
6.56
5.84
5.53
0.47
1.36
-7.31
-1.38
-6.02
0.53
3.75
-1.21
6.95
-9.67
-1.64
-8.62
3.48
1.00
-1.28
1.97
-0.30
-2.34
-0.77
-3.00
7.48
3.51
7.82
0.25
-2.70
3.75
0.05
5.84
0.30
-4.11
1.37
-9.23
7.25
4.06
-0.61
-8.77
-5.42
-6.86
0.02
-8.46
-6.53
8.38
-7.08
6.94
-0.62
1.64
-1.09
9.08
9.30
8.14
-3.92
6.78
1.65
-6.10
-2.97
8.95
7.65
7.08
4.79
-2.05
-7.03
-3.84
-1.28
-9.78
-9.78
8.11
-8.55
-5.20
-8.75
1.46
-3.66
-5.28
-0.16
-0.74
-8.33
9.22
-9.10
0.58
8.31
-9.79
-1.29
-5.61
6.99
-9.64
-1.71
-5.98
9.31
-4.06
-8.91
