-0.78
-9.67
-0.81
-6.81
4.22
-4.18
9.50
-6.97
-8.80
-3.63
-4.82
1.30
-5.80
-6.98
-4.80
-7.60
-3.26
5.78
-5.26
0.19
0.36
-3.32
9.24
-6.76
-3.39
2.44
-9.88
-6.02
-8.76
-1.55
-5.56
0.46
-1.22
3.63
3.65
-7.00
9.46
3.16
-3.97
-9.35
9.53
1.22
1.96
-6.27
4.23
7.16
-3.87
-9.03
2.94
0.87
1.16
-6.70
7.55
0.40
-3.46
-5.84
-7.16
-3.34
-1.86
-5.92
5.11
2.58
4.55
-6.11
-3.78
-1.80
-3.11
-4.32
-8.64
2.92
-3.67
-9.11
-5.86
8.29
-5.38
8.37
5.44
0.75
9.34
-1.62
-8.39
0.50
1.69
9.17
-9.10
8.23
-6.67
-6.26
-5.11
1.47
-2.18
-9.99
-5.94
-7.63
-6.10
0.28
0.57
0.79
5.95
1.93
-6.28
-7.72
2.81
-2.14
-9.43
7.43
-3.77
6.01
-1.82
-4.43
-5.61
-0.20
6.07
6.08
-1.04
6.97
4.31
2.29
-9.29
9.20
-6.23
-1.46
9.21
-2.17
0.91
-6.89
8.10
-8.52
3.91
4.05
3.41
7.62
6.33
-3.78
-4.52
6.90
-6.35
1.71
2.91
1.84
7.28
7.30
-8.37
3.35
3.38
0.60
0.33
-2.31
-7.11
1.04
-3.11
-3.34
9.58
-3.89
4.48
0.49
-0.78
2.58
1.96
-6.87
-3.37
-4.63
-9.25
-7.04
1.59
-3.77
9.86
5.25
7.94
2.77
-2.92
5.22
0.06
-1.28
-1.43
-6.56
9.31
8.90
1.13
-7.80
-0.06
8.03
-1.14
-0.48
-5.87
-6.66
-10.00
3.35
5.92
1.97
6.48
-7.45
7.34
7.23
-4.48
-1.07
-6.54
-4.62
-5.82
-8.59
8.14
1.26
6.63
-1.79
9.98
-4.80
1.65
9.29
-5.90
-7.22
-8.51
4.04
-9.19
0.35
-6.45
-5.05
3.69
-6.44
8.30
-0.39
5.52
4.78
2.16
2.86
2.01
7.68
-8.21
5.47
-6.95
-4.03
6.88
-8.81
7.24
3.51
-0.60
7.22
8.71
-8.95
6.51
-7.19
-6.17
8.00
6.85
-5.36
-1.65
-9.60
-0.41
-7.97
-6.04
-2.11
1.64
9.48
-7.34
-6.20
2.34
4.68
-8.53
4.13
0.15
-5.48
-9.89
-2.97
-4.28
7.34
-9.46
5.12
4.56
9.25
6.16
1.06
-7.94
9.99
-0.94
8.91
-5.36
7.41
9.31
4.22
9.44
-6.73
-7.89
1.08
-7.25
-5.23
4.88
5.09
9.45
6.35
-0.77
-0.40
-9.12
-0.67
6.63
-3.40
-3.33
7.17
-8.29
-8.77
6.42
7.88
2.29
8.49
7.87
-8.64
7.40
-7.49
8.77
6.71
6.73
8.21
9.98
8.84
-0.71
-7.27
-6.39
-5.83
7.82
-6.94
-9.48
-2.96
2.66
-8.60
6.37
-0.71
-2.00
-6.95
-3.54
-0.29
-5.72
-7.11
-2.42
6.57
-8.63
-4.55
7.93
8.77
-2.04
6.70
5.47
-5.31
4.91
5.45
-6.47
-5.80
8.18
-2.86
-1.63
5.99
0.20
-1.10
-6.96
-7.14
0.30
9.41
2.16
8.29
-7.54
8.62
-2.00
-3.26
-8.50
5.59
-6.69
-7.12
-8.96
-8.76
-8.36
-1.00
7.94
7.12
3.69
2.85
2.57
7.22
7.05
0.74
-5.63
-4.58
-3.26
4.57
4.32
-0.23
7.43
-5.38
-0.82
-0.41
-7.09
1.64
-1.79
0.91
8.38
-0.29
-3.50
-8.31
2.59
-2.46
-7.07
4.23
6.54
-9.13
1.35
0.24
3.72
-6.09
-2.54
0.76
4.66
1.83
6.19
-8.61
-3.60
0.50
1.16
-6.17
5.12
-9.65
3.42
8.03
1.99
-8.37
-1.05
0.37
1.34
5.45
2.06
-6.07
-7.01
4.99
8.16
9.53
5.85
-0.49
-0.23
-0.43
3.42
7.23
-9.67
-1.92
-0.95
6.52
-0.53
5.45
-2.98
-9.37
9.28
-7.85
-9.02
2.70
-9.82
2.96
4.33
-0.87
-6.67
-4.33
-5.43
5.39
-0.40
-2.44
0.37
-2.24
-2.91
-3.78
7.26
6.86
5.79
0.68
4.08
6.13
8.76
-6.87
2.64
-1.78
8.58
9.67
-1.15
7.86
-8.19
-0.17
0.56
-8.01
-7.21
-5.12
1.12
-3.88
0.55
5.69
-8.49
-9.85
-6.75
1.88
-2.10
0.34
8.11
-4.84
-2.80
3.90
5.85
-8.72
0.02
4.60
-5.58
-7.33
-7.17
-7.00
-7.66
1.68
-9.14
-5.85
-8.49
1.41
-3.86
-5.69
6.30
7.26
0.43
-3.15
2.95
1.94
-3.01
6.20
-6.18
4.90
-3.46
-8.07
-9.94
3.74
5.83
5.91
5.03
-4.15
0.51
9.44
-1.48
3.34
-7.56
0.86
-4.98
-6.70
5.01
-3.47
4.71
-8.86
0.84
1.01
8.40
-8.73
7.86
1.35
3.21
-5.15
-2.46
7.03
9.75
4.08
8.96
9.81
-2.17
4.79
5.71
-7.15
-9.36
-3.78
-7.71
-0.84
9.56
-5.26
-9.98
-5.42
-1.97
5.03
1.11
-7.25
6.17
-8.05
3.76
4.57
-6.78
1.61
-4.08
6.44
6.46
3.46
3.47
6.21
-2.45
2.43
6.02
5.37
-2.78
1.73
8.22
-2.13
7.95
-9.48
7.03
7.51
-4.75
7.05
-7.91
3.29
2.07
3.20
6.03
-1.76
5.15
-0.21
-7.18
8.38
-8.60
-1.27
4.82
7.86
-7.81
-1.71
4.07
-0.26
-9.28
0.08
-4.89
-2.06
-8.19
-6.67
5.81
9.76
-6.15
2.84
7.27
-0.90
-0.11
9.36
-7.61
-8.04
2.56
8.42
0.21
-2.28
-1.79
3.02
-3.90
-0.39
-8.24
-9.09
-2.53
-6.05
-0.80
-8.46
3.69
-0.08
1.62
8.80
7.87
3.44
-7.86
3.68
3.20
-4.01
-3.48
0.47
5.09
6.40
-0.16
7.48
8.37
-7.60
5.90
-1.43
0.12
-5.89
-8.40
6.21
3.72
-6.65
7.13
-8.81
-2.70
-3.67
-7.28
-9.01
6.25
4.35
9.79
4.11
-2.22
-8.07
-2.21
-9.02
-2.08
4.30
1.46
-6.99
0.71
-8.71
-9.51
-0.93
-6.31
6.39
7.65
3.81
-9.50
9.24
0.02
4.22
-7.41
-2.85
5.41
-0.11
3.47
8.13
0.89
-0.28
2.48
0.68
-6.17
-9.74
2.61
1.62
-8.75
-9.46
-4.08
2.70
-6.45
6.63
3.99
-5.96
-4.30
7.69
-9.57
-6.65
1.49
-9.07
-7.41
-8.49
5.15
-4.82
-1.34
0.56
5.08
-7.87
-1.31
-4.04
1.85
-8.83
6.65
5.68
-8.57
-0.74
-2.70
-7.32
-0.20
3.22
5.38
3.34
-0.15
-0.62
7.38
5.55
-2.94
7.81
8.90
8.55
8.74
-8.51
-9.93
3.89
-3.33
-1.27
-5.55
-8.25
0.86
3.14
-2.29
-7.29
4.31
-5.64
8.38
5.74
3.62
-4.32
8.42
-6.58
8.90
3.80
6.76
-1.25
-6.82
4.14
-5.71
0.24
1.95
-6.81
-1.21
0.70
-5.32
-1.14
-5.41
1.35
7.58
-0.96
3.10
-1.56
-7.82
-9.18
1.14
6.50
-4.82
-0.47
2.24
8.80
5.21
0.66
-7.79
4.11
-5.54
8.97
-7.14
-2.36
3.11
-2.85
7.88
-4.93
0.34
-3.33
5.76
5.02
5.53
-9.65
-3.63
3.11
-0.60
9.47
-8.45
1.58
-9.71
2.69
-1.92
-4.53
-7.78
-9.68
-5.74
7.43
0.97
-3.52
1.55
5.43
-4.55
4.40
-6.93
8.57
-8.44
-9.05
-6.37
1.90
-2.38
9.40
-3.08
-6.86
9.75
3.30
6.25
-0.85
2.77
7.80
-9.27
3.06
0.50
-1.20
8.53
2.72
-0.88
-7.21
0.15
-9.91
-0.73
-8.30
5.53
4.72
6.10
8.60
3.29
7.66
9.55
6.92
-0.44
-2.83
6.32
6.48
0.31
6.07
-0.22
-3.44
-4.79
-7.45
-5.63
-4.06
5.61
4.86
4.75
4.14
-2.42
-6.13
6.93
7.74
-6.04
-3.80
9.44
9.49
-9.08
5.54
8.09
4.20
3.20
7.64
1.12
-7.24
-5.19
-2.56
9.24
5.12
-6.50
-0.98
-8.32
-1.29
1.58
-3.95
4.66
-2.81
-9.09
-0.60
-8.67
-1.51
3.27
8.26
-3.77
7.23
-5.54
-4.33
6.71
-4.63
-8.79
4.80
9.57
4.40
2.44
0.69
7.16
7.25
8.13
6.41
2.37
-8.37
-4.57
4.05
0.34
7.01
-9.90
-5.00
-5.80
-8.99
4.40
-4.47
-0.49
-2.33
-6.21
5.74
-5.11
-1.76
-8.60
-8.39
3.61
-7.39
6.41
3.19
7.02
-1.15
-6.12
4.18
-3.90
-7.99
0.58
8.47
-6.36
6.01
2.52
3.99
3.02
2.61
8.98
7.21
3.63
3.39
-7.26
-6.87
-8.95
-3.48
8.87
-4.06
4.76
-9.73
-2.45
-1.62
-7.12
-6.04
-8.43
9.90
2.81
-4.55
4.08
8.91
-2.54
-5.34
7.37
1.10
-9.33
-0.11
-4.92
3.69
-7.50
-5.93
0.90
6.13
7.45
3.64
9.26
8.51
-9.84
8.13
-5.55
4.93
8.40
2.00
-6.69
-8.71
5.95
-5.13
-8.81
-1.24
0.32
5.26
-2.33
7.78
9.92
-4.96
-1.12
-9.40
4.92
3.96
4.29
7.42
8.03
-4.81
3.55
5.48
8.83
2.80
3.99
8.99
0.93
8.43
3.92
-0.67
0.43
7.22
0.62
-3.61
-7.90
1.80
5.15
2.42
-2.93
-7.19
0.20
-3.01
-2.15
9.07
-2.41
-7.23
3.03
-8.13
-9.81
1.06
-2.94
3.74
-3.46
-4.11
-3.46
-9.47
-5.12
7.47
8.96
8.80
-3.19
-0.61
6.02
7.42
5.78
8.11
-0.77
0.92
0.53
6.29
3.73
-9.27
-6.72
-8.42
9.80
0.87
-5.65
2.83
2.75
-5.46
-6.11
9.81
8.28
0.43
-4.30
-5.18
0.96
0.58
-7.71
-0.08
-0.62
-0.90
9.31
-4.61
-3.48
5.09
-6.49
5.75
-3.99
4.04
2.05
9.74
4.77
5.33
-8.68
4.56
-3.80
-4.33
-2.60
8.95
0.21
1.29
8.76
-1.51
-8.28
-5.54
3.31
2.67
5.04
5.61
-7.41
-5.59
-5.29
-8.10
-0.19
1.23
6.99
3.31
-3.02
-7.00
-2.65
9.03
-7.26
-7.88
4.36
-5.94
6.68
-9.44
-0.26
-5.92
9.51
9.95
5.36
8.27
-1.56
7.08
-7.27
-8.24
-0.25
7.77
7.37
2.35
-7.82
-7.92
4.25
1.99
3.31
1.23
-4.70
-9.71
4.23
2.66
9.32
6.97
4.78
3.68
-8.97
1.46
4.24
0.77
5.54
3.76
0.72
0.90
2.03
9.16
-2.02
4.76
-9.08
7.73
2.53
8.29
0.08
4.71
-9.64
-5.67
-3.30
3.67
5.56
2.00
3.96
-0.21
-5.34
3.28
-3.25
9.44
-3.04
-2.22
0.90
-8.79
8.55
-3.57
4.96
-0.73
7.34
-3.01
-1.57
-4.68
-8.25
-0.65
-6.95
4.28
-2.37
3.13
-1.01
-2.01
7.46
5.69
-8.34
3.01
-2.31
5.62
-7.20
2.35
-1.09
-0.45
1.79
5.87
7.34
-7.31
7.08
5.89
-0.88
2.04
-4.85
-3.54
9.03
3.58
1.78
-9.22
-7.08
4.83
5.06
0.55
-2.04
-5.95
8.54
-4.58
9.74
-9.79
8.43
-2.57
5.83
-8.77
9.78
-5.27
0.78
1.57
-9.39
-1.88
4.26
7.69
-5.99
-6.62
-0.27
-0.84
-0.16
-1.24
-7.27
-8.38
-0.45
-4.34
6.45
-5.39
6.21
-5.59
-1.34
4.75
-0.18
-1.61
4.96
-1.75
5.82
0.79
-0.52
5.60
5.52
-9.73
-2.83
6.13
-1.61
-8.57
3.81
2.39
-5.19
-6.46
-8.45
4.66
2.31
-5.72
6.28
-8.15
-0.06
2.72
-3.54
-3.85
7.13
5.12
-9.10
-3.05
-6.49
5.86
5.20
9.33
-3.35
-5.32
4.93
-7.83
-5.05
-7.90
8.30
3.33
-6.47
2.12
-4.27
-1.66
5.66
-2.72
-7.00
-2.03
1.56
9.27
-0.18
-8.50
1.99
6.28
-2.36
-0.88
1.40
-1.45
6.07
4.91
-5.59
1.27
4.24
1.06
5.95
-0.83
3.24
-9.10
1.27
1.54
4.23
4.80
-6.34
9.96
-6.86
9.32
-2.77
-3.86
-2.71
8.79
-4.59
7.11
-9.71
7.40
3.39
-2.07
-3.48
-5.21
6.48
-7.41
9.70
-9.11
3.86
3.94
1.95
-0.19
-6.89
-4.81
0.71
4.38
6.73
-5.06
-0.82
-9.61
-5.11
2.32
9.71
2.13
8.45
-3.01
0.92
-6.14
-5.90
1.20
-8.74
7.49
9.13
-2.21
-7.73
5.61
0.38
-8.03
6.50
-5.76
5.91
-1.55
4.05
9.01
3.64
-5.25
3.39
0.36
-0.31
-7.43
0.75
4.58
4.88
0.46
-3.29
3.34
7.45
7.63
7.20
-8.45
-1.17
8.46
9.03
-2.04
-3.75
-8.69
-6.42
6.63
-6.73
-9.92
-9.14
9.18
-1.47
4.91
8.19
-7.83
9.66
1.58
2.53
-0.65
4.15
-6.72
-6.06
-0.97
3.74
0.65
-7.63
1.19
-1.73
9.57
2.73
7.10
8.03
1.77
-4.93
-5.73
3.07
-1.35
-9.10
6.35
-1.28
-8.24
5.53
7.25
6.68
3.72
9.42
6.34
-4.69
1.95
-4.31
9.46
5.23
-0.37
-1.51
-1.03
-9.72
0.86
-9.84
-1.45
0.43
2.89
-4.35
-1.54
-5.34
0.72
2.73
7.74
9.37
3.63
4.09
-1.91
5.39
-0.39
-4.66
2.07
-6.66
-5.24
-1.59
-1.36
6.72
4.10
-1.90
1.95
-6.27
6.59
-9.08
-5.99
-2.54
-8.92
2.56
7.88
3.98
8.21
-3.66
8.64
-1.07
9.07
6.38
-1.70
2.70
0.46
6.39
-1.90
-9.92
-8.27
-9.83
-6.59
-3.51
-1.42
2.06
-6.79
-7.32
-9.84
5.16
-3.59
6.75
6.09
0.42
-5.80
7.17
-7.02
-7.91
1.15
-8.81
-1.57
-0.21
0.12
-2.50
-3.84
8.42
-9.80
6.62
4.80
-1.70
6.70
6.53
-1.53
-9.88
-6.98
7.04
2.17
-3.77
9.72
2.33
-8.60
-3.86
-0.92
7.48
6.56
3.28
4.65
9.54
5.37
-4.20
-9.26
-6.20
5.58
0.86
1.30
-8.25
-0.72
1.51
8.37
-5.92
9.81
5.07
-9.38
-1.72
5.19
-6.36
-4.68
-2.64
-0.13
-4.96
9.69
1.27
1.18
-1.24
-1.25
-2.26
-7.96
-6.60
-2.71
7.42
-0.80
-1.98
-8.78
-5.22
8.88
2.52
-3.47
-1.84
-5.97
-5.10
2.24
-6.16
9.97
2.86
2.12
5.16
6.50
7.44
-7.49
-3.62
-7.52
-7.80
7.65
3.66
0.96
-3.60
-8.59
3.01
-0.20
-1.30
0.42
9.00
6.72
1.64
-6.22
5.60
-5.84
0.31
-6.24
-1.81
5.21
6.00
2.03
5.17
-1.14
-5.85
0.33
-4.63
-8.41
2.84
1.74
-5.93
5.04
-0.61
7.73
-3.99
5.78
9.14
9.01
-4.42
-2.16
-0.56
-5.42
-5.44
-8.92
-1.64
-9.84
-4.76
8.67
-6.08
3.43
3.87
9.92
-4.53
-0.95
-1.21
-0.38
9.38
4.15
1.20
2.22
-4.11
5.27
-2.74
5.28
3.01
3.27
1.06
2.15
2.28
6.64
9.99
-8.28
-8.78
-5.46
-7.20
-0.42
-5.30
-1.96
-1.76
-1.38
-8.52
-7.89
-1.46
-3.06
1.16
7.33
6.56
0.54
1.48
-2.23
-7.25
7.37
-6.96
0.02
2.65
6.05
-6.72
-6.29
-1.80
5.57
-9.65
-1.82
7.29
-8.43
2.73
-9.91
1.15
7.43
-1.87
9.39
-3.95
-0.40
-8.50
4.59
6.54
2.66
1.92
3.10
-6.80
-6.60
-9.13
-4.04
-9.22
-6.09
5.97
3.43
9.96
9.26
7.14
-1.85
4.82
7.50
6.33
2.11
9.07
-0.94
2.20
0.21
-3.51
-9.68
-0.40
2.54
-0.08
1.11
-2.86
-3.54
-6.23
9.06
9.57
-3.03
-7.54
-9.56
2.93
-6.76
-5.65
-1.10
6.67
-5.70
-1.84
3.81
2.46
-7.02
1.31
-1.21
5.09
0.38
7.85
-2.71
-9.41
-5.65
-2.39
0.20
6.89
7.53
-8.69
-5.98
-6.01
-4.92
-6.92
-6.44
2.05
-4.46
-6.00
-5.02
-1.22
-1.65
3.88
-4.54
2.65
-7.96
9.27
-4.89
-4.98
0.58
3.90
-9.89
-9.04
1.75
-2.60
-8.45
6.10
5.01
1.75
2.99
2.54
3.06
7.01
6.53
8.14
-9.91
-9.91
0.19
-4.37
-5.91
5.17
4.42
2.44
-0.95
9.87
-4.91
1.10
9.14
0.20
6.12
-0.28
-5.90
6.23
0.68
5.85
-6.37
2.24
1.95
8.64
-6.01
-5.07
1.18
7.04
-8.06
-2.29
5.18
-7.97
-2.19
-4.63
-2.34
1.90
-9.46
-7.92
-5.66
-0.40
-8.04
-0.56
-9.31
-8.90
9.64
6.81
0.82
-6.26
3.04
-8.49
9.58
6.67
3.74
1.53
5.32
7.73
6.46
-3.50
4.77
8.40
4.21
-0.05
-9.57
-7.98
5.32
-1.91
3.92
5.86
0.18
8.27
-4.54
2.13
-2.30
-3.85
3.23
-2.66
-7.04
-5.94
1.08
6.00
-4.44
0.66
2.68
9.31
-7.81
-2.01
7.03
8.65
4.49
1.81
7.05
-1.29
-8.24
7.48
0.73
7.08
-4.43
-5.35
2.95
5.75
-7.08
8.41
-2.12
0.62
-5.44
-8.89
7.96
-2.48
-4.83
-0.96
-6.47
0.73
9.70
6.20
0.04
-8.11
-5.80
-2.93
-9.46
8.69
8.88
7.59
-2.60
-9.36
5.06
8.13
7.72
-9.36
-7.22
