-5.50
-7.54
-0.83
-3.36
-5.50
0.17
0.77
-5.39
-3.16
-2.31
-9.20
-4.80
-5.78
-5.68
7.94
3.76
-9.31
-5.95
-9.03
-5.84
0.32
4.12
-9.11
9.07
7.43
3.80
-8.80
-3.44
-9.52
1.34
7.79
-5.03
3.80
-3.04
1.62
8.30
7.13
-7.62
-7.10
-6.03
0.07
-6.30
-0.83
4.30
-1.97
-2.89
-1.95
-1.29
1.16
-0.97
2.87
-8.51
-6.85
3.77
-9.44
-9.42
-2.44
-8.24
-2.86
-1.96
3.10
-5.07
3.01
-3.10
1.89
-5.37
-4.81
-0.98
-2.99
-1.90
3.00
7.09
1.80
-7.83
1.39
9.83
-0.72
9.44
-1.46
-9.55
-1.53
-8.59
-8.07
1.62
5.18
-7.51
2.20
-7.26
-5.74
9.34
0.78
7.36
-5.73
-6.21
-5.74
6.16
-1.58
-0.55
-4.82
5.43
7.55
8.18
2.52
-0.65
-9.65
-6.09
-0.82
-0.36
-6.65
7.72
0.08
1.82
9.13
2.02
-6.56
4.30
4.51
5.64
7.04
8.77
4.98
-2.18
6.12
9.24
1.61
-9.62
5.40
-9.97
-0.16
-9.42
5.47
-2.62
8.76
-2.01
6.73
9.12
1.90
-4.09
-1.25
5.25
-6.38
8.83
-2.92
-7.25
0.85
0.52
7.06
-4.64
-3.84
4.10
-5.87
-8.87
-8.08
-9.75
-9.62
3.53
-9.36
5.78
3.57
0.47
6.36
-0.97
7.85
5.12
7.03
4.59
4.24
-1.07
-9.50
-7.01
-5.82
-5.88
-8.17
1.26
-3.13
2.68
-8.22
-6.07
8.04
-2.06
8.03
-7.83
-0.92
9.95
-7.58
-0.55
3.48
-6.94
-4.77
-2.96
3.53
-8.41
6.08
1.38
6.71
3.10
-4.03
0.95
-7.97
-3.54
